2695
9116
9114
9113
9112
2684
2685
2686
2687
2688
2689
2690
2691
2692
2693
2694
9117
2697
2698
2699
9111
9110
2702
2703
9109
9108
9107
9106
2709
2710
2711
2662
2646
2647
9137
9135
2651
2652
2653
2654
2655
2656
2657
2658
2659
2660
2661
2712
2663
9134
9133
9131
9130
9129
9128
9127
9126
9125
9124
9123
9119
9118
2773
2745
2746
2747
2748
2749
2750
2751
9100
9099
9098
9097
9096
9095
9094
2772
2743
2774
2775
2777
2778
2779
9093
2789
2790
2791
2792
2793
2794
2795
2796
9103
2713
2714
2715
2716
2717
2718
2719
2721
2722
2723
2724
2725
2726
2727
2645
9102
9101
2731
2732
2733
2734
2735
2736
2737
2738
2739
2740
2741
2742
2563
2547
2548
2549
2550
2551
9151
9150
9149
2555
2556
2557
2558
2559
2561
2562
9155
2564
2565
2566
2567
2568
2569
2570
2571
2572
2573
2574
2575
2576
2577
2528
9163
2510
2511
2513
2514
2515
2516
2517
2518
2519
9161
9159
9158
2526
2527
2578
2529
2530
2531
2532
2533
2534
2535
9157
9156
2539
2540
2541
2542
2543
2630
2611
2612
2613
2614
2615
9148
9147
2622
2623
9143
9142
9141
2627
2628
2629
2610
2631
2632
2633
2634
2635
2636
2637
2638
2639
9140
9139
9138
2643
2644
2594
2579
2580
2581
2582
2583
2585
2586
2587
2588
2589
2590
2591
2592
2593
2797
2595
2596
2597
2598
2599
2601
2602
2603
2604
2605
2606
2607
2608
2609
8883
8911
8910
8903
8902
8901
8900
8899
8898
8897
8895
8894
8887
8886
8885
8884
8915
8879
8878
8877
8876
8875
8871
8870
8869
8868
8867
8866
8865
8864
8863
8939
8955
8954
8953
8951
8950
8949
8948
8947
8946
8945
8944
8943
8942
8941
8940
8862
8938
8937
8936
8935
8934
8927
8926
8925
8924
8923
8919
8918
8917
8916
8804
8822
8821
8820
8819
8815
8814
8813
8812
8811
8810
8809
8808
8807
8806
8805
8823
8803
8802
8801
8799
8798
8797
8796
8795
8791
8790
8789
8788
8787
8786
8846
8861
8860
8859
8858
8857
8856
8855
8854
8853
8852
8851
8849
8848
8847
8956
8845
8844
8843
8841
8840
8839
8838
8837
8836
8835
8833
8832
8831
8830
9054
9076
9075
9074
9073
9072
9071
9070
9063
9062
9061
9060
9059
9058
9057
9055
9077
9053
9052
9051
9050
9049
9047
9046
9045
9044
9043
9042
9041
9039
9038
9085
2798
2799
9091
2801
2802
2803
2804
2805
2806
2807
9090
9089
9087
9086
9037
2825
2826
2827
2828
2829
2830
2831
9084
9083
9082
9081
9080
9079
9078
8979
9001
9000
8999
8998
8997
8996
8995
8994
8993
8991
8990
8983
8982
8981
8980
9002
8978
8977
8975
8974
8973
8972
8971
8970
8969
8967
8966
8959
8958
8957
9021
9036
9035
9034
9033
9031
9030
9029
9028
9027
9026
9025
9024
9023
9022
9166
9020
9019
9018
9017
9016
9015
9014
9013
9012
9011
9007
9006
9005
9004
2148
2131
2132
2133
2134
2135
9247
9246
9239
9238
9237
2142
2143
9236
9235
2147
9251
2149
2150
2151
9231
9230
9229
9228
2158
2159
9227
9226
2163
2164
2165
9257
9268
9267
2099
2100
2101
2102
2103
9263
9262
9261
9260
9259
2110
2111
2112
2166
9256
2115
2116
2117
2118
2119
2121
9255
2123
9254
9253
2126
2127
9252
2215
2199
2201
9218
2203
2204
2205
2206
2207
9217
9215
9214
2211
2212
2213
2214
2198
2217
2218
2219
2221
2222
2223
2224
2225
2226
2227
2228
2229
2230
2231
2183
2167
2169
2170
2171
9225
2174
2175
2176
2177
2178
2179
2180
2181
2182
2095
2184
2185
2186
2187
9223
9222
2190
2191
9221
9220
9219
2195
2196
2197
2013
1994
1995
1996
1997
1998
1999
2001
2002
2005
2006
2007
2009
2010
2011
2012
1993
2014
2015
2017
2018
2019
2020
2021
2022
2023
2024
2025
2026
2027
2028
1978
1963
9284
9283
1966
1967
9282
9281
9280
1971
1972
1973
1974
1975
1977
2029
1979
9279
9278
1982
1983
1984
1985
1986
1987
1988
1989
1990
1991
1992
2079
2063
2065
2066
2067
2068
2069
2070
2071
9277
9276
9275
9274
9273
9272
2078
2062
2081
2082
2083
2084
2085
2086
2087
9271
9270
9269
2091
2092
2093
2094
2044
2030
2031
2032
2033
2034
2035
2036
2037
2038
2039
2040
2041
2042
2043
2232
2045
2046
2047
2049
2050
2051
2052
2053
2054
2055
2057
2058
2059
2061
9190
2406
2407
2409
2410
2411
2413
2414
2415
2417
2418
2419
2420
2421
2422
2423
2405
9189
9188
2427
2428
2429
2430
2431
2433
2434
2435
2436
2437
2438
2439
9191
2371
2372
2373
2374
2375
9193
2379
2380
2381
2382
2383
2384
2385
2386
2387
9187
2390
2391
2392
2393
2394
2395
2396
2397
2398
2399
2401
2402
2403
2404
2489
9181
9180
9179
9178
9177
2478
2479
2480
2481
2482
2483
2484
2485
2486
2487
2471
2490
2491
2492
2493
2494
2495
9175
9174
9173
2502
2503
9172
9171
9167
2456
9183
9182
2443
2444
2445
2446
2447
2449
2450
2451
2452
2453
2454
2455
2370
2457
2458
2459
2460
2461
2462
2463
2464
2465
2466
2467
2468
2469
2470
2284
9207
2270
2271
2272
2273
2274
2275
2276
2277
2278
2279
2280
2281
2282
2283
9208
2285
2286
2287
2289
2290
2291
2292
2293
2294
2295
2297
2298
2299
2301
2251
2233
2234
2235
2236
2237
2238
2239
2241
2242
2245
2246
2247
2249
2250
2302
2253
2254
2255
2257
2258
2259
2260
2261
2262
2263
9213
9212
9210
9209
2351
2336
2337
2338
2339
2340
2341
2342
2343
2344
2345
2346
2347
9199
9198
2350
2335
2353
2354
2357
2358
2359
2361
2362
2363
9195
9194
2366
2367
2368
2369
2318
2303
9206
9205
9204
2307
2308
2309
2310
2311
2313
9203
2315
2316
2317
8785
2319
9202
9201
2323
2324
2325
2326
2327
2329
2330
2331
2332
2333
2334
7918
7935
7934
7933
7932
7931
7930
7929
7927
7926
7925
7924
7923
7922
7921
7919
7939
7917
7916
7915
7914
7913
7912
7911
7910
7909
7908
7907
7906
7905
7903
7958
7978
7975
7974
7973
7972
7971
7970
7969
7968
7967
7966
7965
7964
7961
7959
7902
7957
7955
7954
7953
7951
7950
7949
7947
7946
7945
7943
7942
7941
7940
7841
7858
7857
7855
7854
7853
7852
7851
7850
7849
7847
7846
7845
7844
7843
7842
7859
7840
7839
7838
7837
7836
7835
7834
7833
7832
7831
7830
7829
7828
7827
7878
7899
7898
7897
7896
7895
7894
7893
7892
7891
7889
7888
7887
7886
7879
7979
7877
7876
7875
7873
7872
7871
7870
7869
7868
7867
7863
7862
7861
7860
8094
8115
8111
8110
8109
8108
8107
8103
8102
8101
8100
8099
8098
8097
8096
8095
8116
8087
8086
8085
8084
8083
8082
8081
8080
8079
8078
8077
8076
8075
8074
8135
8151
8150
8149
8148
8147
8146
8145
8144
8143
8142
8141
8140
8139
8138
8137
8073
8134
8133
8132
8131
8130
8129
8127
8126
8125
8124
8123
8119
8118
8117
8007
8028
8027
8026
8025
8023
8022
8021
8020
8019
8015
8014
8013
8012
8011
8008
8029
8005
8001
7999
7998
7991
7990
7989
7988
7987
7986
7985
7983
7982
7981
8052
8072
8071
8070
8063
8062
8061
8060
8059
8058
8057
8056
8055
8054
8053
7826
8051
8050
8047
8046
8045
8043
8042
8041
8039
8038
8035
8033
8031
8030
7574
7608
7607
7606
7605
7604
7603
7599
7598
7595
7594
7591
7590
7583
7582
7575
7609
7567
7566
7565
7564
7563
7562
7561
7560
7559
7558
7555
7554
7551
7550
7644
7661
7660
7659
7657
7656
7655
7654
7653
7652
7651
7650
7649
7647
7646
7645
7549
7643
7639
7638
7631
7630
7623
7622
7616
7615
7614
7613
7612
7611
7610
7479
7503
7502
7495
7494
7493
7492
7491
7490
7489
7487
7486
7485
7484
7483
7480
7507
7478
7477
7476
7475
7472
7471
7470
7469
7468
7467
7466
7465
7463
7462
7534
7548
7547
7546
7545
7544
7543
7542
7541
7540
7539
7538
7537
7536
7535
7662
7533
7532
7531
7530
7529
7528
7527
7526
7519
7518
7511
7510
7509
7508
7768
7787
7786
7785
7784
7783
7782
7781
7780
7779
7775
7774
7773
7772
7771
7769
7788
7767
7766
7765
7764
7763
7759
7758
7757
7756
7755
7751
7750
7749
7748
7807
7825
7823
7822
7821
7820
7819
7818
7817
7816
7815
7814
7813
7812
7811
7747
7806
7805
7804
7803
7799
7798
7797
7796
7795
7794
7793
7791
7790
7789
7679
7705
7703
7702
7701
7700
7699
7697
7695
7694
7687
7686
7685
7684
7683
7681
7706
7678
7677
7676
7675
7674
7673
7672
7671
7670
7669
7668
7667
7666
7663
7725
7746
7745
7744
7743
7742
7735
7734
7733
7732
7731
7730
7729
7727
7726
8158
7723
7722
7721
7719
7718
7717
7716
7715
7712
7711
7710
7709
7708
7707
8605
8620
8619
8618
8617
8616
8615
8614
8613
8612
8611
8610
8609
8608
8607
8606
8621
8604
8603
8602
8601
8600
8599
8598
8597
8596
8595
8594
8593
8592
8591
8636
8657
8656
8655
8654
8647
8646
8645
8644
8643
8642
8641
8640
8639
8638
8637
8590
8635
8634
8633
8632
8631
8630
8629
8628
8627
8626
8625
8624
8623
8622
8538
8553
8552
8551
8550
8549
8548
8547
8546
8545
8544
8543
8542
8541
8540
8539
8554
8537
8536
8535
8534
8533
8532
8531
8530
8529
8528
8527
8526
8525
8524
8575
8589
8588
8587
8586
8585
8584
8583
8582
8581
8580
8579
8578
8577
8576
8658
8574
8567
8566
8565
8564
8563
8562
8561
8560
8559
8558
8557
8556
8555
8739
8754
8753
8752
8751
8750
8749
8748
8747
8746
8745
8744
8743
8742
8741
8740
8755
8738
8737
8736
8735
8734
8733
8732
8731
8727
8726
8725
8724
8723
8722
8770
8784
8783
8782
8781
8780
8779
8778
8777
8776
8775
8774
8773
8772
8771
8721
8769
8768
8767
8766
8765
8764
8763
8762
8761
8760
8759
8758
8757
8756
8673
8688
8687
8686
8685
8684
8683
8682
8681
8680
8679
8678
8677
8676
8675
8674
8689
8672
8671
8670
8669
8668
8667
8666
8665
8664
8663
8662
8661
8660
8659
8704
8720
8719
8718
8717
8716
8715
8714
8713
8712
8711
8710
8709
8708
8707
8523
8703
8702
8701
8700
8699
8698
8697
8696
8695
8694
8693
8692
8691
8690
8254
8275
8274
8273
8272
8271
8269
8267
8266
8265
8263
8262
8261
8260
8259
8255
8276
8253
8252
8249
8247
8246
8245
8244
8243
8239
8238
8237
8236
8235
8234
8295
8325
8323
8321
8319
8317
8315
8313
8311
8309
8307
8305
8303
8301
8299
8297
8233
8293
8291
8289
8287
8286
8285
8284
8283
8282
8281
8280
8279
8278
8277
8173
8195
8191
8190
8189
8188
8187
8186
8185
8183
8182
8181
8180
8179
8175
8174
8196
8172
8171
8170
8169
8168
8167
8166
8165
8164
8163
8162
8161
8160
8159
8214
8232
8231
8230
8229
8228
8227
8226
8225
8223
8222
8221
8220
8219
8215
8327
8213
8212
8211
8210
8209
8208
8207
8206
8205
8204
8203
8199
8198
8197
8477
8492
8491
8490
8489
8488
8487
8486
8485
8484
8483
8482
8481
8480
8479
8478
8493
8476
8475
8473
8471
8469
8467
8465
8463
8461
8459
8457
8455
8453
8451
8508
8522
8521
8520
8519
8518
8517
8516
8515
8514
8513
8512
8511
8510
8509
8449
8507
8506
8505
8504
8503
8502
8501
8500
8499
8498
8497
8496
8495
8494
8357
8387
8385
8383
8381
8379
8377
8375
8373
8371
8369
8367
8365
8363
8361
8359
8389
8355
8353
8351
8349
8347
8345
8343
8341
8339
8337
8335
8333
8331
8329
8419
8447
8445
8443
8441
8439
8437
8435
8433
8431
8429
8427
8425
8423
8421
9999
8417
8415
8413
8411
8409
8407
8405
8403
8401
8399
8397
8395
8393
8391
780
765
766
767
768
9627
9626
771
772
773
774
775
776
777
9625
779
764
781
782
783
784
785
786
787
788
789
790
791
9623
9622
795
796
748
9636
9635
9634
734
735
736
737
738
739
741
742
743
745
746
747
797
9631
750
751
752
753
754
755
756
757
758
759
9630
9629
9628
763
9609
9614
9613
9612
836
837
838
839
841
842
843
845
846
847
9611
9610
9615
9607
9606
854
855
856
9605
9604
9603
9602
9601
862
863
864
865
9600
815
798
799
800
801
802
803
805
806
807
809
810
811
812
813
814
727
9621
9620
9619
819
820
821
822
823
9618
9617
827
828
829
830
831
9694
9703
622
623
9702
9701
9700
9699
9698
630
631
9697
633
635
9695
637
9706
639
641
642
643
9687
646
647
9686
9685
9684
9683
9679
9678
654
655
9717
9725
582
583
9724
585
9723
587
9719
589
9718
591
594
595
598
599
656
601
9716
603
9715
605
9714
607
9713
9711
9710
9709
614
615
9708
9707
711
693
694
695
9648
9647
9646
9639
702
703
705
706
707
708
709
710
692
712
713
714
715
716
717
718
719
9638
9637
722
723
724
725
726
9654
9677
9676
9675
9671
9670
662
663
9669
9668
9667
9663
9662
670
671
9655
9599
9653
9652
678
679
9651
9650
9649
683
684
685
686
687
689
690
691
1062
1043
1044
1045
1046
1047
9544
9543
9542
9541
9539
1054
1055
1057
1059
9538
9545
1063
1065
1067
1069
9537
1071
1073
1075
1078
1079
1080
1081
1082
1083
1084
1025
9551
1011
1012
1013
1014
1015
1016
1017
1018
1019
1020
1021
1022
1023
1024
1085
1026
1027
1028
1029
1030
1031
9550
9549
9547
1035
1036
1037
1038
1039
9546
1140
9521
9520
1126
1127
9519
9518
9517
1131
1132
1133
1134
1135
1137
1138
1139
9522
1141
1142
1143
9516
9515
1147
1148
1149
1150
1151
1152
1153
1154
1155
1156
1103
1086
1087
9535
9534
1091
1092
1093
1094
1095
9533
9532
9531
9530
9529
1102
1007
9527
9526
9525
9524
1110
1111
1112
1113
1114
1115
1116
1117
1118
1119
9523
921
903
9583
9582
9581
9580
910
911
9579
9578
9577
9576
9575
918
919
920
902
922
923
924
925
926
927
9574
9573
9572
9571
9570
9569
934
935
936
885
9598
870
871
872
873
875
9591
9590
878
879
880
881
882
883
884
937
886
887
9589
9588
891
892
893
894
895
9587
9586
9585
899
900
901
988
9554
974
975
9553
977
978
979
980
981
982
983
984
9552
986
987
9555
989
990
991
992
994
995
997
998
999
1000
1001
1002
1004
1005
1006
9566
938
939
940
941
942
943
944
945
946
947
948
949
950
951
9567
9726
9565
9564
958
959
960
9563
9562
9559
9558
966
967
968
969
9557
9556
202
9910
9909
187
188
189
190
191
192
193
194
195
196
198
199
201
183
203
204
205
206
207
9908
209
210
211
212
213
214
215
217
218
164
148
149
150
151
9919
9918
9917
155
156
157
158
159
9916
9915
163
219
165
166
167
9914
9913
171
172
173
174
175
9911
179
180
181
182
270
9899
9898
9897
9895
9894
9893
9892
9891
9890
9889
9888
9887
9886
9879
9878
9900
271
272
273
274
275
9877
9876
278
279
9875
281
9874
9873
9872
9871
235
9907
9906
222
223
224
225
226
227
228
229
230
231
232
233
234
147
236
237
238
239
9905
241
242
243
244
245
246
247
9903
9902
9901
54
38
39
9981
9980
9979
43
44
45
46
47
9975
9974
51
52
53
37
55
9967
9966
9965
9964
62
63
9963
9962
9961
70
71
9959
75
76
9991
9998
3
4
5
6
7
9997
9996
9995
11
12
13
14
15
9994
77
19
20
21
22
23
9990
27
28
29
30
31
9983
9982
35
36
9931
110
111
9955
9951
9950
9943
118
119
9942
9935
9934
9933
126
127
9932
109
9927
131
132
133
134
135
9926
9925
139
140
141
142
143
9924
9923
93
78
79
80
81
82
83
84
85
86
87
9958
9957
9956
91
92
286
94
95
96
97
98
99
100
101
102
103
104
105
106
107
108
487
470
471
472
473
475
476
477
478
479
480
481
483
484
485
486
469
9775
9774
491
492
493
494
495
9767
9766
9765
9764
502
503
505
506
452
435
436
437
438
439
441
442
443
444
445
446
447
9783
9782
451
507
453
454
455
456
9779
459
460
461
462
463
464
9778
9777
467
468
562
9741
9740
547
548
549
550
551
9739
9738
9737
9736
558
559
9735
561
9742
9734
9733
566
567
9732
9731
9730
571
572
573
574
575
576
9729
9727
9749
508
509
510
511
9763
9759
9758
515
516
517
518
519
520
9751
9750
9790
9748
526
527
529
530
531
532
533
534
535
9747
9746
9743
542
543
343
9853
327
9852
329
9851
331
333
9850
335
337
338
339
340
341
342
325
344
9849
347
348
349
350
351
352
353
9847
9846
9839
358
359
360
306
287
288
289
290
9870
294
295
9869
9868
9867
9863
302
303
304
305
363
307
308
309
310
311
9862
9859
9858
9855
9854
318
319
321
322
323
416
401
9807
9806
9805
9804
406
407
9803
9802
9801
411
412
413
414
415
399
417
418
419
420
421
422
423
9799
9798
9797
9796
9795
430
431
9791
381
364
365
366
367
9838
9831
9830
9829
374
375
9828
9827
9826
379
380
1961
382
383
9825
9823
9822
9815
390
391
9814
9813
9812
9811
9810
9809
398
9342
9434
1892
9435
1236
1237
1238
1239
1240
1241
1891
1890
1727
1242
1889
9433
1887
1886
1431
1430
9341
1885
1884
1429
1883
1428
9320
9321
1427
9436
9317
1228
1901
9427
1229
1230
1231
1232
9347
1233
1234
9346
1900
9429
1899
9437
1439
1438
1235
9318
9430
9431
9319
9343
9432
1895
1894
1726
1893
1414
1249
1250
1416
1739
1251
1252
1740
1253
1415
1741
1254
1255
1871
1870
1738
1742
1743
1869
1256
1867
9439
1257
9440
1258
1259
1744
1260
1261
1243
9340
1731
9438
1423
9322
1422
1879
1732
1878
1421
1420
1877
1419
1733
1227
1418
1417
1734
1244
1875
1874
1245
1735
1737
1246
1247
1248
1873
1462
1703
9298
1927
1926
1467
1201
1466
1202
1465
1464
1203
1463
1925
9359
9297
1924
1204
1707
1205
1923
1206
1207
1209
1922
1210
1708
1921
1461
1211
9422
1942
9421
1941
1694
1199
1695
1696
1940
1939
1938
1697
1698
1937
1936
1709
9423
1935
1699
1934
1471
1700
9294
1701
1470
9295
1469
1702
1468
1220
1715
1449
1716
1717
1447
1217
1718
1446
1218
9315
1445
1719
9349
1219
9311
1221
1222
1444
9316
1223
1903
1443
9426
1902
1224
1225
9348
1226
9302
1460
1710
1919
1711
1459
1918
1458
9299
9358
1212
1213
9351
9300
9301
1262
1457
1456
1455
1214
1454
9303
9350
1911
1215
1910
9425
1451
1450
1814
1821
1375
9489
1374
1772
1323
1819
1818
1817
1324
1325
1326
1327
1815
1822
1813
1773
1373
1810
1809
9488
1807
1774
1806
9487
1805
1775
9332
9486
1765
1828
9461
9494
9462
9493
1827
1764
9492
1310
1311
1826
9463
9491
9490
1804
1766
1767
1769
1825
1315
9333
1316
1317
9470
1318
1771
1319
1823
1790
1351
9478
1796
1795
1785
1794
1793
9477
9476
1792
9475
9471
1791
1786
1797
1358
1367
1359
1366
1365
1360
1787
1361
1364
9328
1362
9327
1363
1780
9330
1334
1335
1336
9329
1779
1372
1803
1802
9485
1371
1801
9484
9483
9495
1342
1800
1343
1781
1370
1799
9482
1782
1369
1783
9479
1350
1798
1274
1854
9444
1271
1272
1853
1752
1753
9445
1852
1851
1273
9446
1850
9447
1406
1275
1849
1276
1848
9449
1277
1847
1399
1846
1398
9450
1278
1845
9451
1859
1866
9441
1745
1263
1865
1746
9507
9442
9443
1863
1862
1747
1861
1860
9452
1748
1858
1749
1266
1267
1268
1857
1269
1270
1750
1407
1751
1855
9335
9456
1291
9324
1759
1292
1293
1294
9325
1295
9457
9458
9326
9339
9500
9455
1831
9334
9499
1830
9498
9497
1829
9460
1302
1303
1383
1763
1382
9503
1279
1754
1844
1843
9506
9505
9453
1755
1842
1841
1756
1840
1839
1757
9310
9502
1391
1390
1286
1838
1837
1287
1836
1758
9501
1835
9454
1290
9404
1498
1170
9402
1550
9403
1497
1551
1169
1495
1549
1494
9380
1493
1615
1614
1613
1492
1552
1655
9411
1503
1502
1547
1172
1623
1654
1622
1612
9381
1548
9413
1171
9414
1499
1184
9401
1487
1661
1188
1662
1557
1167
1558
1663
9379
9378
9417
1486
9418
1166
1189
9377
1559
9419
1483
9416
1659
1611
1168
1491
9415
9405
1660
1553
9412
9406
1554
1185
1555
1186
1187
9407
1556
1516
1635
1533
1519
1518
1176
1534
9382
1517
1646
1521
1634
1633
1515
1180
1631
1175
1535
1630
1527
1526
1639
9391
1178
1177
1179
1525
1638
1647
9390
1637
1636
1529
1530
1531
9383
1522
1173
1650
9397
1508
1507
9398
1174
1506
1651
1182
1652
9399
1543
9400
1505
1653
1183
1504
1512
1181
1514
1648
1537
1538
1513
9395
1539
1943
1511
1510
1540
1541
1509
9396
1542
1649
1684
9508
1958
1957
9408
1478
1572
1477
1573
1595
1476
1195
9409
1574
1575
1956
1685
1686
1682
1602
1601
1599
9513
9285
1681
1598
1569
1955
1959
9509
1683
1570
1597
1596
9514
1571
1157
1949
1197
1589
1581
1948
9364
1947
1475
1950
1588
1587
1582
1586
1198
1585
9363
1583
1591
9286
9287
1159
1196
9410
1687
9367
1951
1561
1577
9366
1578
1590
1158
9365
1579
1603
1481
9511
1191
1671
9369
1606
1678
1479
1607
1567
1563
1164
1604
1564
1565
1670
1190
1566
9370
9374
1560
1165
1605
1562
1163
9420
1679
9510
9371
9375
2016
1632
2512
2056
9616
2252
8896
2296
808
7665
9776
2408
1864
1003
9912
2744
9376
1868
2060
2412
216
1532
7977
1520
9705
8049
1820
1580
1576
9712
9624
2240
1680
1920
2824
2300
9345
9728
9857
2220
9561
9800
9105
320
1808
2352
2000
9584
9480
9632
9744
1523
1811
2355
2243
2003
1337
291
176
296
563
2696
2776
1265
2600
9200
8952
9176
1077
197
8037
9496
8224
8270
740
8251
2560
9504
9224
7963
1076
8036
7777
7625
665
8003
2708
9633
7488
8976
1816
840
9136
1368
528
9481
9745
7720
2360
1528
9040
2788
2248
7980
9296
1216
1200
2008
9540
2617
293
1876
2080
2432
9824
9960
2356
7557
9424
1888
7553
1524
1812
1208
2004
2244
1600
7976
8048
7513
553
593
9048
597
9092
8264
8024
7770
7778
7890
7754
7802
8649
9065
8184
9448
9904
8250
7962
8002
1353
1705
1945
2377
2537
1657
2755
9848
9808
2780
2782
2849
2769
2762
5116
4345
4045
5789
4229
4199
6604
5654
6866
3417
3932
5765
4309
5546
6788
3816
3010
6266
4103
4080
4446
5008
6631
3583
4039
5783
6344
4265
4187
5385
6673
4641
6479
3160
5991
5299
6783
3177
3868
4288
4500
5084
6701
3714
3938
5229
4452
5042
6767
3332
4494
4984
6872
3193
4240
4193
4736
5350
6713
3199
5048
6755
3245
5632
6678
3708
4949
6806
3543
4235
4205
4074
6338
5603
6749
3666
5540
6637
3364
6092
5777
4943
5078
6860
3644
5096
6830
3846
4246
4210
4271
4777
5739
4280
4255
4219
5195
6737
3100
6133
5687
6773
3440
4260
4706
4224
5665
6836
3279
5251
5801
5189
6625
3205
6023
5921
5167
6684
3434
6040
5760
5648
7293
3228
5145
7287
3370
5915
5161
7244
3290
5837
6081
4746
5831
5123
6029
6075
4783
5036
7372
3405
6017
5861
5562
7310
3320
5825
5819
4027
5128
6985
3446
4333
4339
4148
6052
5579
6950
3411
4142
6058
5585
6927
3388
4136
6046
5626
7172
3165
6179
4689
5609
7122
3187
5807
5671
7065
3123
4411
5379
7043
3776
4154
6069
5361
7071
3747
5873
4428
4996
7077
3672
4683
5019
7099
3696
5961
5813
4051
5855
4677
5025
7037
3834
5867
4671
5060
7134
3782
5891
7150
3560
5909
6696
7166
3525
5927
3452
4665
5066
7178
3497
4605
5903
4889
5897
6956
3486
6888
3457
4091
4284
4298
5885
4399
5879
5750
5002
6916
3566
3004
4809
4125
5247
4434
4990
6933
3595
4440
5390
6962
3572
4085
4057
5950
5985
7450
7445
7440
7435
7425
5454
7415
6979
3617
5967
5938
7405
4131
5979
6403
5944
5408
7277
3650
6991
3519
5973
7266
3514
6190
5151
7189
3555
4160
6128
5523
7222
3731
4701
5328
7217
3852
4251
4215
5242
5201
7389
3623
4874
4804
7384
3145
4767
5698
2897
6426
5173
7343
3661
6035
5449
7327
3509
4529
6185
5156
7322
3469
4772
5703
5102
2892
6421
5134
7020
3742
4473
5255
6195
5956
4752
5206
4468
2875
2832
2820
5718
5734
5119
2808
4869
4799
2814
6968
3606
6012
3874
5014
6878
3578
4884
4794
6939
3601
4757
5693
5500
6922
3628
6905
3639
4478
5237
3950
5184
6883
3492
5472
6779
6174
3360
2844
5265
7156
3805
6144
5260
7140
3800
6169
5288
7111
3857
2838
4171
6064
6610
5339
7088
3720
4506
5356
4109
7060
3771
4417
5643
7049
3129
6159
5677
7083
3155
4762
5708
2784
6139
5615
7145
3223
7161
3234
4742
4955
7184
3182
6320
6667
3810
6619
4599
6314
6743
3725
6409
6332
5466
6655
3702
2986
5139
6731
3736
4978
4937
6248
6116
5534
6800
3211
6242
6098
5437
6818
3376
6236
6104
5482
6661
3428
3944
6725
3296
5031
4895
6361
6900
4009
5178
3106
6690
3326
4405
5333
6848
3134
6230
6110
5304
6794
3308
6415
6326
4483
4695
4463
5270
6761
3349
4833
4021
5322
6812
3111
4593
4857
4960
4839
4587
3985
6355
4724
4845
6122
6349
4393
4545
5488
6707
3503
6719
3463
4718
4293
5729
6206
3022
4581
4575
4569
4557
5413
7260
3531
4277
4351
4851
3967
5505
7238
3690
5843
4097
3997
6485
6473
3991
6491
4551
4315
2992
5310
7211
3822
4069
6503
6391
3955
6385
4539
6379
6397
3046
6087
4907
6367
4563
5713
4901
6373
2914
2938
2968
7430
2980
7420
7410
2932
6614
2880
2974
2869
2863
2857
2851
2902
2944
2956
2962
2926
2920
2950
2908
6149
5568
7015
3262
5744
4827
4458
5282
7378
3171
5557
7332
3344
4815
5517
7360
3338
5552
7305
3257
4015
4863
3016
4304
5933
4517
3082
4712
6224
3040
4321
6514
5494
7337
3655
4511
3070
6200
3034
5849
6007
7316
3480
5756
5431
7399
3549
3973
3076
6212
3028
4003
5795
4119
4931
4113
3879
6002
4422
5054
7025
3765
4523
5234
4063
6497
3885
6154
4821
5396
7003
3788
5682
7394
3150
4659
4879
4033
4966
4789
6218
3052
7250
6944
3589
4181
3064
3355
6254
6520
6894
3474
3914
4327
6508
5316
7105
3862
4175
3058
6260
6532
5997
4972
6272
4489
4919
4730
4165
5620
6910
3399
5638
6544
7206
3394
4913
6550
4653
5072
7354
3251
6538
7194
3382
5723
5090
7271
3117
6526
3896
3979
5771
5597
6824
3302
6592
3908
6164
3961
3902
5660
7233
4647
3285
5591
7031
3239
5106
7255
4629
6443
5573
7093
3088
3423
4533
5217
5367
7054
3759
6556
6580
6574
4617
6455
5293
7128
3828
3926
5111
7282
6290
3140
6598
5211
5443
6973
3611
3891
4369
6296
2886
5419
6997
3537
7009
3794
6449
5402
7116
3753
6586
4363
5511
7366
3273
4925
5460
7348
3267
4623
6467
5373
7200
3840
3920
7227
3684
6568
5223
5476
7299
3633
4357
6302
4387
6278
4635
6437
5344
6842
3094
6562
2998
5528
6649
3314
4375
6284
4611
6461
5425
6854
3217
4381
6308
6431
5276
6643
3678
7455
1322
482
9122
8010
8850
146
7874
8842
1146
8834
162
170
9258
7762
34
8018
1314
138
1042
1010
74
729
450
7728
1568
2400
2288
1824
458
1872
1536
9234
1136
1584
2416
2064
2048
2256
1856
9146
7801
8218
8922
8818
8794
7714
8706
8730
9154
9250
8882
7938
8874
9170
8914
7848
2781
2848
2768
2761
5115
4344
4044
5788
4228
4198
6603
5653
6865
3416
3931
5764
4308
5545
6787
3815
3009
6265
4102
4079
4445
5007
6630
3582
4038
5782
6343
4264
4186
5384
6672
4640
6478
3159
5990
5298
6782
3176
3867
4287
4499
5083
6700
3713
3937
5228
4451
5041
6766
3331
4493
4983
6871
3192
4239
4192
4735
5349
6712
3198
5047
6754
3244
5631
6677
3707
4948
6805
3542
4234
4204
4073
6337
5602
6748
3665
5539
6636
3363
6091
5776
4942
5077
6859
3643
5095
6829
3845
4245
4209
4270
4776
5738
4279
4254
4218
5194
6736
3099
6132
5686
6772
3439
4259
4705
4223
5664
6835
3278
5250
5800
5188
6624
3204
6022
5920
5166
6683
3433
6039
5759
5647
7292
3227
5144
7286
3369
5914
5160
7243
3289
5836
6080
4745
5830
5122
6028
6074
4782
5035
7371
3404
6016
5860
5561
7309
3319
5824
5818
4026
5127
6984
3445
4332
4338
4147
6051
5578
6949
3410
4141
6057
5584
6926
3387
4135
6045
5625
7171
3164
6178
4688
5608
7121
3186
5806
5670
7064
3122
4410
5378
7042
3775
4153
6068
5360
7070
3746
5872
4427
4995
7076
3671
4682
5018
7098
3695
5960
5812
4050
5854
4676
5024
7036
3833
5866
4670
5059
7133
3781
5890
7149
3559
5908
6695
7165
3524
5926
3451
4664
5065
7177
3496
4604
5902
4888
5896
6955
3485
6887
3456
4090
4283
4297
5884
4398
5878
5749
5001
6915
3565
3003
4808
4124
5246
4433
4989
6932
3594
4439
5389
6961
3571
4084
4056
5949
5984
7449
7444
7439
7434
7424
5453
7414
6978
3616
5966
5937
7404
4130
5978
6402
5943
5407
7276
3649
6990
3518
5972
7265
3513
6189
5150
7188
3554
4159
6127
5522
7221
3730
4700
5327
7216
3851
4250
4214
5241
5200
7388
3622
4873
4803
7383
3144
4766
5697
2896
6425
5172
7342
3660
6034
5448
7326
3508
4528
6184
5155
7321
3468
4771
5702
5101
2891
6420
5133
7019
3741
4472
5254
6194
5955
4751
5205
4467
2874
2819
5717
5733
5118
4868
4798
2813
6967
3605
6011
3873
5013
6877
3577
4883
4793
6938
3600
4756
5692
5499
6921
3627
6904
3638
4477
5236
3949
5183
6882
3491
5471
6778
6173
3359
2843
5264
7155
3804
6143
5259
7139
3799
6168
5287
7110
3856
2837
4170
6063
6609
5338
7087
3719
4505
5355
4108
7059
3770
4416
5642
7048
3128
6158
5676
7082
3154
4761
5707
2783
6138
5614
7144
3222
7160
3233
4741
4954
7183
3181
6319
6666
3809
6618
4598
6313
6742
3724
6408
6331
5465
6654
3701
2985
5138
6730
3735
4977
4936
6247
6115
5533
6799
3210
6241
6097
5436
6817
3375
6235
6103
5481
6660
3427
3943
6724
3295
5030
4894
6360
6899
4008
5177
3105
6689
3325
4404
5332
6847
3133
6229
6109
5303
6793
3307
6414
6325
4482
4694
4462
5269
6760
3348
4832
4020
5321
6811
3110
4592
4856
4959
4838
4586
3984
6354
4723
4844
6121
6348
4392
4544
5487
6706
3502
6718
3462
4717
4292
5728
6205
3021
4580
4574
4568
4556
5412
7259
3530
4276
4350
4850
3966
5504
7237
3689
5842
4096
3996
6484
6472
3990
6490
4550
4314
2991
5309
7210
3821
4068
6502
6390
3954
6384
4538
6378
6396
3045
6086
4906
6366
4562
5712
4900
6372
2913
2937
2967
7429
2979
7419
7409
2931
6613
2879
2973
2868
2862
2856
2850
2901
2943
2955
2961
2925
2919
2949
2907
6148
5567
7014
3261
5743
4826
4457
5281
7377
3170
5556
7331
3343
4814
5516
7359
3337
5551
7304
3256
4014
4862
3015
4303
5932
4516
3081
4711
6223
3039
4320
6513
5493
7336
3654
4510
3069
6199
3033
5848
6006
7315
3479
5755
5430
7398
3548
3972
3075
6211
3027
4002
5794
4118
4930
4112
3878
6001
4421
5053
7024
3764
4522
5233
4062
6496
3884
6153
4820
5395
7002
3787
5681
7393
3149
4658
4878
4032
4965
4788
6217
3051
7249
6943
3588
4180
3063
3354
6253
6519
6893
3473
3913
4326
6507
5315
7104
3861
4174
3057
6259
6531
5996
4971
6271
4488
4918
4729
4164
5619
6909
3398
5637
6543
7205
3393
4912
6549
4652
5071
7353
3250
6537
7193
3381
5722
5089
7270
3116
6525
3895
3978
5770
5596
6823
3301
6591
3907
6163
3960
3901
5659
7232
4646
3284
5590
7030
3238
5105
7254
4628
6442
5572
7092
3087
3422
4532
5216
5366
7053
3758
6555
6579
6573
4616
6454
5292
7127
3827
3925
5110
7281
6289
3139
6597
5210
5442
6972
3610
3890
4368
6295
2885
5418
6996
3536
7008
3793
6448
5401
7115
3752
6585
4362
5510
7365
3272
4924
5459
7347
3266
4622
6466
5372
7199
3839
3919
7226
3683
6567
5222
5475
7298
3632
4356
6301
4386
6277
4634
6436
5343
6841
3093
6561
2997
5527
6648
3313
4374
6283
4610
6460
5424
6853
3216
4380
6307
6430
5275
6642
3677
7454
1345
7648
9132
9768
1056
993
1058
697
8064
72
1320
7522
2128
7698
200
9290
7696
596
7680
644
1620
2388
1908
8964
68
8932
8092
1108
2500
1668
904
672
616
608
952
848
624
7753
1960
1480
2200
2120
1768
2312
7682
688
804
7618
9368
9160
9162
8044
336
9568
362
592
2488
2584
2448
552
7512
9145
1929
1641
2473
1289
7593
874
1061
9233
265
8336
996
8268
8362
8318
8438
8424
8370
1329
1393
9292
2753
121
8816
8880
8920
7936
9152
1120
1296
2144
8091
8963
67
8931
1667
1619
1107
1907
2499
57
1378
114
2096
1346
844
7464
7724
504
1330
1394
9293
8890
9993
914
7458
538
7498
498
370
8216
1088
1097
1066
8032
1074
8034
1068
1072
9658
9754
9466
8088
8017
7761
2618
2771
324
8328
332
8009
2767
2770
2766
2765
2764
2763
1690
9834
2522
8468
634
9770
9946
9882
9818
2168
1448
1496
2216
9192
744
1976
1784
1736
704
2328
2787
4101
4037
6671
6781
6699
3936
5227
6753
4233
6747
6771
4258
7291
5034
7370
6983
4331
4140
7063
7041
7148
6694
7164
6886
4397
4123
4055
7438
6188
4765
6419
6193
7058
4415
7143
6741
2984
6096
6816
6723
4893
4403
6846
6792
6759
4591
4543
4716
6204
4573
3995
4899
2978
2924
7013
7376
4861
7335
6198
6216
6942
4911
4651
6822
7231
4645
4627
4531
6971
6995
4361
7225
4355
4633
4373
361
1328
6746
6770
4139
7147
6187
6095
6722
6791
4590
4542
4715
4898
7375
6970
6994
7224
4354
4138
4353
6048
5628
7174
3167
4065
4347
6499
5780
3225
6049
3408
3522
3728
3466
3733
3819
6382
6364
3335
3608
4853
2971
6181
4691
5611
7124
3189
5629
5164
5158
4047
3887
5809
5791
5673
7067
3125
3929
4733
7169
4686
4662
7175
4437
7324
6412
4836
4721
3013
4000
7247
4608
4231
4413
4201
5381
7045
3778
4156
6606
6071
4497
6335
5906
4168
6156
3293
4018
3528
6488
3168
3471
6269
5656
5363
6868
7073
3419
3749
5875
4106
3934
4823
3969
5398
5507
7240
7005
3692
3790
5684
5623
4993
5022
4987
5434
4430
4998
7079
3674
4774
6913
7402
6875
6936
3988
4066
2905
7396
7102
5845
5767
3196
4946
3402
6176
3552
2811
3598
3152
5705
3699
6358
4348
5840
6500
5930
4099
4311
5548
9385
1008
1408
48
184
0
1544
2160
888
9784
9984
9360
9312
9864
8452
2847
5114
5652
3814
4444
5781
5297
5082
4450
3330
4203
5538
3362
5193
3098
4222
3277
3226
5835
5859
6050
3409
5805
5669
3774
3670
5865
3523
3495
4603
5901
5895
3455
5883
5983
5521
3729
3621
3467
5117
3604
6903
3803
3798
5286
4504
5354
5641
4740
6330
3734
4935
3374
3104
5268
3347
4958
3688
6483
6471
4549
2990
3820
6383
6365
5711
6371
7428
5566
3336
3038
6512
3032
5429
3877
3763
6495
4970
6542
3249
3380
3115
5658
3237
5104
5571
5365
6578
3609
6294
6447
4923
3838
6300
5342
5423
6306
5274
6790
4346
3818
4046
5790
4685
4661
3012
3999
4230
4200
6605
6487
6268
5655
6867
3418
4105
3933
5021
7101
5766
3698
4310
5547
2846
5081
5267
6789
3817
3011
6267
4104
4081
5963
4447
5009
6632
3584
4040
5784
6475
5815
6345
4266
4188
5386
6674
4642
6480
3161
5992
6863
4243
4082
5964
4881
7158
3911
3976
4035
4053
3993
4448
5857
6493
4968
5010
5300
6784
6633
3178
3585
3869
4041
4289
4501
5085
6702
3715
3939
5785
5230
4453
5043
4196
6476
4703
6020
6014
5816
4024
3647
4791
3807
6346
3079
6547
6768
3333
4495
4985
6873
3194
4241
4194
4737
5351
6714
3200
5049
6756
3246
5633
6679
3709
4950
6807
3544
4236
4679
4553
4206
4075
6339
5604
6750
3667
5027
5541
6638
3365
7039
6093
5778
4944
3836
5079
6861
3645
5097
6831
3847
4267
4247
4189
5869
4211
4272
4778
5387
5469
5330
4673
6220
4317
5740
3054
2994
5062
5312
7213
7136
3784
3824
6675
4071
4281
6400
7219
6658
6227
4854
6084
7252
4366
3917
4256
4643
4220
5893
6481
6946
3591
5196
6738
3101
6134
5688
6774
3441
4261
4183
4707
4225
3066
5666
6837
3280
3705
3162
5252
4749
3357
3854
3043
6146
4012
3049
6505
5802
5190
6626
3206
6024
5922
5168
6685
3435
6041
5761
6393
5649
7294
3229
5146
7288
3371
5916
5162
7245
3291
5838
6082
4747
6256
5832
5124
6522
6030
7152
6076
3562
4784
5037
5181
5262
2835
5514
5457
7373
3406
6018
3957
5862
5911
6387
5993
5563
7311
3321
5826
5820
4028
5129
6986
3447
6896
4334
3476
4340
4149
6053
5580
6951
3412
4143
6059
5586
6928
3389
1338
1298
1122
8330
4343
6602
6864
6629
6765
4982
6870
6804
6858
4244
4253
7285
4146
7075
4049
4675
7132
4296
4432
4083
7433
5965
7187
7387
7382
4527
7320
7018
2873
4882
4476
3948
7159
4597
6234
3109
4843
6717
4275
7209
7418
2972
2861
2954
4515
6222
4319
7314
5754
4117
4521
7001
3912
4163
3977
3959
7091
3889
7364
7198
7297
6840
4379
4036
6698
7369
6982
6693
7163
4054
7142
2983
4892
3994
6215
4360
4541
4137
6047
5627
7173
3166
6381
6180
4690
5610
7123
3188
5808
5672
7066
3124
7168
4412
5380
7044
3777
4155
6070
3527
5362
7072
3748
5874
4429
4997
7078
3673
5929
4443
4449
3329
3276
5858
5804
5864
5900
3454
3620
3802
4739
2989
3031
3876
6494
4969
3236
6293
6305
4684
5020
7100
3697
5962
5814
4052
5856
4678
5026
7038
3835
5868
4672
5061
7135
3783
6399
3916
5892
3048
7151
3561
5910
6697
7167
3526
5928
3453
4666
5067
7179
3498
5142
5016
5011
5301
5393
4606
5904
4890
5898
6957
3487
6889
3458
4092
6785
4285
6634
6089
6734
4408
5970
2894
6182
6965
6880
4301
4324
4727
4329
4909
6369
6510
4299
5886
5318
7107
4400
5880
3864
5751
5003
6917
3567
4565
4177
3060
3005
4810
4126
3580
5248
5888
5941
6423
3739
5715
3575
6171
3179
4692
3586
6517
4435
4991
6934
3596
4441
5391
6963
3573
4086
4058
5951
5986
4903
6375
7451
7446
7441
7436
7426
5455
7416
6980
3618
5968
5939
7406
6262
4132
4667
3870
5980
6404
5945
6534
5409
5068
7180
7278
3499
3651
5497
5336
5612
5136
5290
6992
3520
5974
7267
3515
4042
7340
4866
4006
4390
4290
2947
5999
7022
3899
7125
7113
6851
6191
4502
5152
5086
6703
7190
3556
3716
4974
3940
6274
5786
4491
3190
5798
3744
5976
3658
3019
5231
3859
3137
6281
4921
4161
2916
6129
4454
2940
5044
5524
9986
9786
9938
9842
9970
9642
9690
1064
8312
4197
5383
6477
5989
3175
5630
3541
4217
4704
6623
3203
6021
5165
6038
5143
5913
5159
4744
4781
6015
5817
4025
5577
3386
3185
5377
5017
5811
3832
5925
3484
7423
3648
3143
5171
6033
5154
5732
5012
4792
5258
6167
6062
6137
3221
3232
3808
3723
6114
3209
5480
3324
5302
5320
6347
6389
7408
5742
3342
3080
5492
3074
5793
4929
5394
3148
4031
3353
3056
6530
5995
3397
6548
5088
6590
6162
3283
3086
3421
5215
5109
6288
6596
3751
6584
3265
2996
3215
4122
6769
7223
3732
3334
2970
4732
4607
4496
5905
4167
5622
4986
6912
6874
3195
3401
5192
5353
5640
4957
5565
4242
4195
4702
6546
5329
7218
3853
6628
4252
4048
7432
7186
4475
6233
6716
7208
7313
3888
2982
4891
5899
4738
4216
3202
3184
5810
7422
5257
6113
3208
3323
5792
4928
3396
5352
6715
3201
4915
6552
5050
7412
6757
3247
2840
4655
5243
5634
6680
6958
2934
3710
3488
5099
5674
6616
5463
5307
5074
5202
4951
6808
7356
7390
3624
3253
3545
4638
4237
6833
7068
4680
4886
6797
4554
3964
2959
6209
4916
7351
6540
6890
2882
3459
4875
4805
4207
5828
3849
4796
3126
3025
6440
6553
3270
3311
7385
7196
3384
3146
4076
4768
6340
5699
4093
5605
4088
6751
2976
3668
2871
5725
2898
6427
2865
5092
5174
7273
7344
3662
3119
5347
5325
5028
5051
2859
6036
6528
2853
5542
5450
7328
6639
3366
3510
1282
1306
9594
2823
3930
6786
6264
4286
4734
6711
6635
6090
4269
6735
6948
4134
7170
4687
4409
4152
4426
7097
4669
4663
7176
4438
7413
5971
6126
4249
2895
7325
6183
2818
6966
3872
6881
2842
7109
7047
4760
6240
6688
6413
4837
4585
3983
4722
6705
5727
7258
4561
2912
2878
2855
2900
4825
7303
3014
4302
4001
4420
4061
4657
7248
6892
4325
4173
6258
4487
4728
6908
7204
7192
2884
6566
4609
4232
4330
7040
6418
4414
6815
4402
6845
6758
6197
6941
4910
4626
4530
4632
6186
6094
5779
5157
7323
3470
4773
2904
4945
5704
4202
3097
5834
5882
5982
3603
6329
6470
6370
6511
3248
3114
5103
6446
3837
5080
6862
3646
2893
4300
5887
6422
5135
2946
7021
3898
3743
5382
5576
5376
5319
4474
5256
5098
6832
2958
3848
4268
7096
4248
2841
7108
7046
4759
4584
4060
4656
7203
6565
4401
6196
5881
5957
2964
4753
3865
4190
3843
6026
5822
5870
3779
3001
5244
4212
5695
5953
3091
2928
6322
5207
6669
3812
3981
5773
4469
5599
6826
3304
5531
5635
2922
4273
2952
5752
6621
4779
6594
2910
2876
5004
6918
3568
6681
5958
6959
4157
6607
6406
6652
4578
4566
2935
2965
4818
4178
3905
4601
2833
2821
5719
5735
3711
5120
6072
3317
6066
5947
4754
3489
6151
3061
2809
3006
4870
4800
6316
4811
4127
2815
5544
5006
3581
3866
4498
4191
6336
5775
5076
3642
3844
3438
5663
5249
5919
6027
5823
5126
6056
5871
3780
5889
3558
5907
5064
5000
3002
5245
3593
5388
5452
5942
4213
5696
6424
5447
3507
5100
5132
3740
4471
5954
5204
5716
3576
5691
3637
5470
6172
4169
3718
6157
5675
4953
3180
6617
5464
3426
3294
5331
6108
4693
4019
6353
3461
3529
5503
6489
5308
6612
3169
3971
5680
3587
6518
3472
5314
6270
6536
6524
5595
5589
6572
6453
5417
6435
3092
6560
6429
9881
6745
6969
3727
3607
4436
6411
6334
4992
6935
3597
5520
5657
5570
5364
5341
3910
6013
5468
6657
3704
6601
4981
6869
7074
4674
7017
4596
6221
4318
7090
7363
4378
4442
2988
3875
5141
5015
5392
6733
6964
6879
3579
3738
3574
5988
5924
6166
3722
5741
3341
4030
3055
3420
5214
6287
3750
3264
2995
4885
3963
4795
4087
6940
3602
4758
4059
5694
5952
3904
5075
5662
5063
5446
5131
5203
4952
5502
5313
4980
5987
5501
4939
6923
3629
4940
6924
6976
6988
7214
7137
6809
4848
7235
4536
4904
2929
7357
7391
3923
4649
6906
3640
5746
4479
6250
5238
4829
6118
3287
3449
5876
3614
3625
6323
4460
6376
3254
4508
3546
3785
3825
5208
5220
3630
7452
5536
5284
6802
7380
3173
3213
6244
6100
3951
5185
5439
7447
6884
6820
3493
3378
6238
6106
5484
6663
3430
5559
5358
7442
5198
5370
5473
3946
5593
7033
6727
3241
3298
8905
1909
69
1669
8965
2389
8933
1109
2501
749
1621
645
8093
4307
3008
4078
4639
4238
6676
4072
4941
6834
6925
7069
4681
7035
4887
4282
6931
6977
6401
6989
7264
7220
7215
4872
4770
6920
6777
6142
7138
7086
4107
7081
6729
6246
6798
6659
6898
6228
6810
4855
4555
4849
3965
7236
4313
4537
6085
4905
2930
2867
2960
2918
7330
7358
6210
4111
7392
4964
4917
7352
7269
3894
7253
3924
4367
3918
4385
6641
6670
6780
3935
4257
5033
7062
7437
7057
6740
4572
4860
7334
4650
7230
4644
4372
4897
6363
6175
3813
3361
4221
3773
5894
6902
4934
3103
3346
3687
6482
7427
3762
6541
6299
2845
5266
7157
3806
6145
4011
5180
5261
5456
3108
7417
4116
6981
6692
7141
3328
3619
3801
4407
5969
5940
6170
5335
5289
7112
6850
3858
3136
5170
7407
5108
6232
6112
2839
5306
6796
3310
6263
6947
4133
4668
6125
3871
6687
3982
7257
4824
4419
6891
4172
4486
6907
2883
6417
4631
5981
6328
6445
5575
7095
3090
6405
4817
6065
5946
5774
3641
3437
3592
4470
3425
6352
3460
6611
3970
6535
6571
6559
5519
5340
7089
7362
3721
3340
4535
4507
5219
5357
5197
5369
4110
7061
7056
6739
3772
3102
3761
4418
4485
6558
5644
7050
3130
5600
5645
5410
5554
5069
5399
5508
6135
6160
6582
5689
5678
6775
7084
3156
3442
4262
4184
6827
7241
7307
4336
5747
7181
4480
3882
4876
6251
7051
4614
7279
7006
4763
5709
6576
4619
4697
4708
6457
4226
6043
3693
4806
5239
2889
4465
3131
3305
4830
6119
3500
3259
3652
3067
3791
6464
2785
5295
5667
5272
6763
7130
6838
3830
3351
3281
6140
5616
5763
6342
3158
3243
3706
5601
5094
4208
6131
5685
5646
3368
3288
5829
3444
5583
5624
3163
4994
5023
5058
3450
5877
4988
3570
3615
5936
5406
3517
3512
3850
4802
5701
5253
4750
4797
5498
3626
3358
3855
5337
3127
5613
6318
6312
5137
5532
5435
6102
5176
6324
4461
5486
5411
3953
6377
6395
3044
6147
4456
5280
5555
4813
3255
4013
4509
6005
3478
3547
3026
3786
4787
3050
6506
5636
3392
5070
3300
6441
6554
5291
3826
5209
3535
5400
5509
3271
5221
3631
3312
3676
7453
2923
7146
6993
3224
3521
3928
4835
4017
5113
5651
5537
5285
5428
5422
4023
4342
6803
6857
7284
4431
7386
7381
4274
2953
4514
5753
7000
7197
7296
7162
5803
3235
6292
4865
5975
3018
3174
3540
6622
4743
4780
3385
3142
6032
6136
3220
3231
3073
3147
6161
6595
6583
3214
5191
4956
6627
7185
3183
3207
5324
2911
2877
6814
3113
6025
6321
6668
3811
6620
4600
6315
5005
4999
5690
5679
6744
3726
6410
6333
5467
6656
3703
6600
4595
2987
5140
6732
3737
5923
5213
5445
4979
4938
6975
6249
6117
3613
5535
6801
3212
6243
6099
5438
6819
3377
6237
6105
5483
6662
3429
3945
6726
3297
4306
4077
4769
6919
6776
7085
7080
6245
4963
7268
3893
4384
5032
4859
4371
4896
6362
6901
6298
4010
5179
3107
6691
3327
4406
5334
6849
3135
5169
6231
6111
5305
6795
3309
6686
6416
6327
3436
4484
4696
6042
2888
4464
5271
6762
3350
5762
6341
3157
3443
3569
5935
3516
5700
6311
6101
3952
6394
3675
4834
5650
5421
4022
6999
7295
3539
3230
5323
6813
3112
4594
4962
4858
4961
5147
4840
4094
7289
7011
4588
3986
6356
3796
3372
4725
5917
6451
4846
6123
6350
5404
7118
4394
4546
5489
6708
3504
3755
5186
5606
5148
5440
6720
3464
4719
4294
4841
4519
5730
6588
3084
6207
3023
4582
4576
4570
4558
5414
7261
3532
2800
2720
9528
4043
4263
4185
6828
4775
4278
6682
7242
7308
4337
7120
5959
5853
6954
4089
5748
6914
6960
7448
7403
4129
7275
4158
7341
4867
6876
6937
7154
6608
7182
6665
6407
6653
4976
3942
4007
4481
4391
4291
4579
4567
4095
3989
4067
2936
2966
2942
2948
2906
7397
6000
7023
3883
4819
4877
4179
6252
7103
5721
3906
3900
7029
7052
4615
7126
7280
7007
7114
7346
4621
6647
6852
5226
6752
7290
6885
4396
4764
6192
6203
2977
7012
6821
4589
4714
4352
4852
5163
7246
3292
3968
5506
7239
3691
3987
5844
6357
5839
4098
3669
3494
4602
3797
4503
3373
4548
5710
3037
3379
6577
3998
6486
6474
3992
6492
4552
4316
2993
5311
7212
3823
4070
6226
6083
4365
4748
3042
6504
6392
2834
5513
3956
6386
2872
7368
4540
6380
3275
6398
3047
6088
4323
4726
4908
6368
4564
5714
6516
4902
6374
5496
7339
3657
2915
2939
5153
5479
5491
5087
2969
7431
2981
7421
4927
7411
2933
6615
5462
7350
2881
3269
2975
2870
2864
2858
2852
2822
6710
4151
4425
2817
6239
6704
5726
4560
2899
7302
6257
7191
4625
2903
5833
6469
2945
5375
2957
7202
2963
3842
2927
2921
2951
2909
6150
5918
5125
6055
3557
3506
3636
3717
6107
6523
6452
6434
6428
5569
7016
3263
4847
3922
5745
4828
4459
5283
7379
3172
5558
2866
7333
7229
3345
3686
6124
4816
6351
6570
5518
7361
3339
5553
7306
3258
5093
5582
5057
5405
5175
5485
5279
4016
4513
4864
3017
6031
3072
4305
5934
4518
3083
7119
5852
6953
7274
7153
6664
4975
3941
5720
7028
7345
4620
6646
5225
4395
6202
4713
4547
3036
6225
3041
4322
6515
5495
7338
3656
5478
5490
6709
7301
3505
3635
4512
3071
5851
6201
3035
5850
6077
6008
7317
3481
3414
3663
5736
3431
5757
6078
3120
3563
4698
6009
3768
4709
5846
5768
3756
3681
6275
6458
5432
7400
3550
3974
3077
7318
6213
3029
4004
5796
3482
4120
4932
4114
3880
6003
4785
4423
5055
7026
3766
5038
4524
866
8112
5787
4227
3415
3712
5040
4492
3191
5348
3197
5046
4947
3664
5737
5799
5187
3432
5758
6079
5121
6073
3403
5560
3318
6044
6177
5607
3121
6067
5359
3745
3694
3564
4807
5948
7443
5977
5149
3553
4699
5326
5240
5199
3659
2890
4466
2812
6010
3599
4755
5235
5182
3490
5263
2836
3769
3153
5706
3700
5029
6359
3132
3306
4831
6120
3501
3020
4349
5841
6501
3260
5515
5550
5931
4710
3653
3068
5847
5052
5232
6152
3062
3860
5618
5769
3757
3138
5441
3792
5458
6465
5371
3682
5474
6276
5526
6282
6459
2786
4100
6721
7374
4064
6498
3407
3465
3886
4720
6155
4822
5397
7004
3789
5683
5433
7401
7395
3551
2810
3151
5296
5668
4922
5273
4660
4880
3975
4034
4967
6019
4790
3078
6219
3053
7251
6945
3590
4182
3065
3356
6255
6521
6895
3475
6764
4145
7131
4295
4526
7319
3947
4842
2860
4520
4162
3958
6839
6214
4359
5863
3030
6304
3915
4328
6509
5317
7106
3863
4176
3059
6261
6533
4005
4389
5998
4973
6273
4490
5797
6280
4920
6037
5912
3831
3483
5731
6061
6388
3352
6529
5994
6589
3282
3085
4121
4731
4166
5621
6911
3400
5639
5564
6545
7207
7312
3322
3395
4914
6551
4654
5073
7355
3252
4637
6208
6539
5827
3024
6439
7195
3383
5724
5091
7272
3118
5346
6527
2854
6844
3096
3897
4583
6564
5821
3000
3980
5772
5598
6825
3303
5530
6593
6651
4577
3316
5543
5451
5594
5588
5416
3909
4377
6165
4029
6286
3962
3903
5661
5130
6987
7234
4648
3286
3448
5592
7032
3240
3007
7034
6930
7263
4871
6141
6728
6897
4312
2917
7329
6640
4571
4933
4115
5107
7256
4630
6444
5574
7094
3089
3424
4534
5218
5368
7055
3760
6557
6581
4335
3881
4613
6575
4618
6456
6463
5294
7129
3829
3242
6130
3367
3511
4801
6317
4455
4812
6004
3477
4786
3391
3299
3534
3927
5112
5427
4341
6856
7283
6291
3141
3219
6599
5212
5444
6974
3612
3892
4383
4370
6297
2887
6310
5420
6998
3538
7010
3795
6450
5403
7117
3754
6587
4128
2941
4364
5512
7367
3274
4926
5461
7349
3268
4150
4424
2816
4559
4624
6468
5374
7201
3841
6054
6433
3921
7228
3685
6569
5581
5056
5278
6952
7027
6645
5224
5477
7300
3634
3413
3767
3680
5039
5045
5549
5617
5525
4144
4525
4358
6303
4388
6279
6060
4636
6438
5345
6843
3095
6563
2999
5529
6650
3315
5587
5415
4376
6285
6929
7262
4612
6462
3390
3533
5426
6855
3218
4382
6309
6432
5277
6644
3679
394
314
298
8290
2754
8570
7514
122
9306
266
7626
8154
58
554
666
698
2265
2153
1401
2137
2105
1433
2073
1913
1721
1673
1385
8960
8826
7690
9242
7882
8650
9066
2707
728
2760
2706
2759
2705
2758
2704
2757
2756
8906
1050
9352
1098
7994
7738
9459
9003
9896
9608
9696
9115
9323
9331
9211
9992
9592
152
2552
1192
9392
8390
970
962
560
8356
9353
9832
2640
8288
7520
606
730
1354
8985
9978
9722
9762
9922
9954
9930
208
1392
522
2088
2728
896
7482
8066
930
658
2474
2506
1930
8986
9354
1642
1626
1049
858
954
850
650
7634
7578
7586
610
7570
618
626
674
906
7688
312
282
386
426
354
402
2314
1482
985
1770
2202
1962
2122
1352
2505
1625
1304
1280
1424
1832
2192
648
8176
2266
2154
2138
2106
2074
1914
1722
1674
9386
1434
1410
1402
1386
7956
7920
7928
1070
602
604
9720
9792
9672
9680
9472
600
9593
578
8450
8310
8292
8006
8354
8388
8412
7952
8128
2683
8458
2682
2681
2680
2679
2678
2677
2676
2675
2674
2673
2672
2671
2670
2669
2668
2667
2666
2665
2664
9056
9088
2536
1944
1704
1656
2376
1344
9232
9817
961
88
1440
1592
1952
2208
512
8376
8372
8420
8440
8446
8324
7993
7737
328
588
8300
334
636
8316
8334
2616
8404
8466
8344
8366
8322
8340
8350
2752
8460
8432
8430
8414
120
8004
326
8398
8308
1608
8304
330
8384
8358
8434
8396
8416
8462
584
8889
1688
2520
7499
915
539
7459
8891
371
499
56
8464
638
632
8422
640
8378
8342
8402
586
8374
8400
8332
8418
8306
8406
8360
590
240
9144
8904
1712
1968
392
9664
8368
9666
346
9682
2210
10
2194
9674
826
818
794
770
890
2
7506
682
2306
2322
2426
9186
2442
9866
7642
1474
7602
9362
434
1090
466
9394
26
490
1610
1594
1546
1490
9794
1442
514
1130
1426
50
546
42
9474
7474
570
1162
9314
2146
2130
2114
9266
2098
2090
378
1970
1194
1954
898
90
2162
1898
18
1882
1834
1034
1778
410
1762
9338
1730
1714
8258
2546
178
8242
8122
2730
8326
130
8178
2554
9010
8314
8442
2626
2642
8194
8202
2650
7866
7810
8352
8444
154
8114
8106
186
7736
7992
8382
8410
8426
8394
8386
778
8392
8454
8364
8294
7658
8338
474
8346
9769
384
424
8348
8470
8474
8296
8408
8456
8428
8298
8436
8472
8302
8448
8320
8380
7521
8153
9945
2496
1104
8729
8913
7937
8921
8881
9169
8873
8217
9153
8793
9249
8817
525
1405
9309
973
9597
9373
909
1677
1917
1645
9781
7589
7461
629
1933
933
9389
8653
917
389
7597
8989
7637
1389
1397
8069
1437
9773
621
1453
9357
7885
125
1485
9069
9693
501
7901
1725
1501
429
957
7621
965
613
8157
9789
61
1413
9973
1693
8829
397
869
9757
1629
405
7629
1789
7525
7581
2365
701
669
9197
2349
317
721
9885
2269
733
2621
1285
2701
8909
1301
2189
762
2173
1309
2157
9645
1101
7741
2525
285
2509
9165
677
7517
1125
7501
2477
9661
277
301
8893
9861
269
581
9941
2077
2125
7573
2109
661
1357
9469
9989
373
541
9949
7693
7997
653
853
1981
1381
221
1965
8573
9821
861
1349
565
9845
2141
1341
1333
557
117
357
9245
1053
9837
1264
521
9512
8968
9032
976
9216
9428
9548
9704
9856
1288
1060
7592
577
1472
1728
1880
8192
9536
8065
9464
1896
7808
8120
8104
8928
7617
8705
7713
9120
1032
1128
1488
2544
816
9008
1376
112
2538
1946
1658
2378
1706
8930
8090
1906
8962
2498
66
1666
1106
1618
264
292
9305
64
161
137
33
1145
145
1313
169
1041
160
1144
1040
136
32
144
1312
168
128
24
8
16
792
1760
2424
876
7496
7456
1096
8152
8824
9240
1009
8000
9920
9816
9760
9976
9928
9952
7880
2440
664
7624
8984
2504
1624
1689
2521
1121
1297
857
769
465
568
432
1776
7664
929
1281
1305
657
8912
8992
40
9656
8200
7881
1664
7960
7948
7944
8136
8248
7984
7800
7752
7481
2304
9640
9936
9968
9840
9688
1160
9560
9344
9104
2072
1672
1400
1912
2104
1384
2136
1432
1720
2264
2152
7689
313
8800
7904
7824
9304
73
1321
449
680
408
376
544
913
369
497
537
2497
1904
9168
9248
9064
8648
8569
7704
7856
7792
8040
8016
7760
8728
368
536
496
912
2320
7600
8256
8240
9336
9291
9833
8961
7556
1409
731
1355
7776
9121
9288
7552
1627
9355
8987
2075
1723
2107
1915
1931
1403
1123
1283
1299
1307
2507
1339
1387
2475
523
1675
1411
1435
2267
760
9387
1643
2155
2139
41
971
963
49
1
185
283
355
7523
579
387
403
427
7619
457
9657
9753
9880
9
569
25
129
345
17
433
9947
115
9939
9819
675
651
9987
555
299
395
9659
611
659
267
315
59
9755
9883
9691
9971
7515
619
9771
123
9835
627
9787
9843
667
867
1331
7691
8155
9243
851
7739
8651
931
859
9067
7587
7579
9595
8067
7883
1099
1051
907
9307
7635
8827
2619
699
1379
9643
2523
9467
8907
7571
1395
7995
8571
955
1691
1347
7627
545
377
681
825
409
488
9384
153
489
793
8568
1928
1640
2472
1089
177
89
9465
1441
1473
1489
1033
1545
1593
1609
1129
1425
8929
1713
1897
1881
1833
1777
1729
1761
1969
2089
1953
8089
8888
2129
2209
2305
2321
2425
2441
2193
2161
2145
2113
2097
877
2649
2545
2625
448
2624
2729
2553
2641
1193
928
897
889
513
8792
8872
393
649
824
7633
7585
7577
7569
7864
297
1616
696
849
609
617
953
625
905
673
400
440
280
7632
7576
7584
7568
9184
9264
1105
9289
9929
9921
9977
9953
9761
9721
7505
7641
1377
113
7601
7865
7809
8193
8201
8241
8257
1905
8177
1665
1617
2648
7504
7640
385
425
9641
9841
9937
9985
9785
9689
9969
1161
8121
817
8105
9009
8113
7457
7497
9241
8825
9337
9393
9361
9265
9313
9185
9665
9944
9793
9681
9865
9673
9473
9752
1048
65
835
7473
7516
220
7996
9884
2700
2076
7500
7524
7740
7636
8572
7628
9948
7620
60
116
7596
7692
8652
8892
9940
9972
9068
8828
8908
124
7460
8988
7588
7884
7580
7900
8156
9988
7572
1396
1284
1300
1308
1332
1340
564
1348
556
1356
9468
540
1380
1388
524
580
1404
1412
9756
1436
1452
1484
500
1500
9772
1628
9388
9780
2620
9692
676
9644
700
9660
720
668
732
761
660
652
852
860
868
9596
1644
908
916
628
932
620
956
964
972
612
1052
1100
8068
1124
2364
356
2140
9844
2156
2172
2188
2268
316
9372
9196
2348
9860
300
2476
2508
9164
284
2524
276
268
9836
1676
9788
1692
9356
1724
428
1788
404
396
9308
1932
9244
2124
2108
372
1980
1964
9820
1916
388
263
834
262
833
261
832
260
259
258
257
256
255
254
253
252
251
250
249
248
