1472
1880
1728
8192
9548
9428
9512
976
9216
8968
9032
9856
9704
7592
1288
1060
577
9536
8921
8817
7937
8793
8881
8913
8873
9249
9169
8217
9153
8065
9464
1896
7808
8104
8120
8928
7617
8705
7713
9120
1032
1128
1488
2120
2544
816
9008
1376
112
2538
1658
2378
1946
1706
8912
8962
1618
2498
1906
1666
8090
8930
1106
66
264
64
292
9305
160
136
32
1040
1144
168
1312
144
128
24
16
8
792
1760
2424
876
161
137
33
1041
1145
169
1313
145
9240
8824
1096
8152
1009
9920
8000
9760
9816
7880
2440
7624
664
8984
1624
2504
2072
2521
1689
9248
9168
1121
1297
432
568
1776
857
769
465
7664
929
1281
1305
657
8992
40
9656
8200
7881
1664
7944
8136
7984
7948
8248
7960
2304
9968
9936
9640
9840
9688
1160
7800
7752
7481
9104
9560
9344
7689
1720
2104
2264
1912
1672
2136
1400
2152
1384
1432
313
8792
8872
8800
7824
7904
9304
408
680
544
376
73
1321
449
9928
9952
9976
2497
1904
537
369
913
497
8648
9064
8569
536
368
912
496
2320
7600
8240
8256
9336
7496
7456
7792
7856
7704
8040
7760
8016
8728
9291
9833
8961
1355
731
7556
1409
9288
7776
9121
1723
1283
1123
1307
8987
2107
760
2267
2475
1411
1643
1931
1627
1915
2507
1675
523
2075
2139
1403
2155
9355
9387
1387
1299
1435
1339
7552
971
963
41
7619
427
403
7523
283
355
579
387
1
185
49
7587
8907
59
123
7995
9755
659
9243
9835
1395
1379
675
9947
9971
907
2619
7579
7571
7627
395
7635
9939
851
651
267
9643
7739
8651
8571
931
8067
8155
9067
9595
9883
299
2523
1691
7883
8827
867
859
1331
955
9771
315
9819
9843
1051
7691
667
611
619
9307
699
9691
9987
555
7515
1347
9787
9467
115
627
9659
1099
457
9753
9657
9880
129
25
17
9
433
569
345
488
825
409
681
545
377
8568
9384
153
489
793
2472
1640
1928
1089
89
177
8929
9465
1033
1425
1609
1545
1593
1129
1473
1441
1489
1713
1897
1833
1881
1761
1777
1729
8089
2113
1953
2089
1969
8888
2097
2145
2425
2305
2193
2441
2321
2161
2209
2121
448
2112
2624
877
2625
2649
2545
2641
2729
2553
1193
928
513
897
889
393
649
824
7864
7585
7577
7569
7633
297
1616
696
673
905
849
953
609
617
625
7584
7576
7568
7632
9264
9184
440
400
280
1105
9289
9929
9921
9721
9953
9761
9977
7641
7505
1377
113
7809
7601
7865
1905
8193
8241
8201
8257
1617
1665
8177
2648
7640
7504
425
385
9969
9937
9641
9841
9689
9985
9785
8113
817
9009
1161
8105
8121
9241
8825
9337
9265
9393
9313
9361
9185
9665
9944
9752
9681
9865
9793
9473
9673
65
7497
7457
1048
263
262
261
260
259
258
257
256
255
254
253
252
251
250
249
248
832
833
834
835
7473
1724
972
7588
1284
1124
1484
8908
60
1308
124
7996
9756
7620
660
9244
9164
428
564
8988
9836
1396
1380
7900
404
676
540
372
9948
9972
908
7596
2108
2620
7580
7572
7628
396
276
7636
7500
9940
852
652
761
268
9644
7740
916
1452
7524
8652
8572
1980
1500
1788
2268
932
8068
8156
9068
220
1356
2476
9596
9884
300
1412
2524
1644
2364
1932
1692
732
720
284
7884
8828
868
860
964
1332
356
956
9772
9372
1628
1916
2508
1676
8892
316
2348
9196
524
9820
2076
9844
1052
7692
668
612
620
2140
7460
500
1404
2156
9780
9308
9356
9860
700
2700
9388
9692
9988
556
7516
1388
1300
2188
1348
9788
9468
1436
1340
116
580
628
1964
388
9660
1100
1471
1879
1727
8191
9547
9427
9511
975
9215
8967
9031
9855
9703
7591
1287
1059
576
9535
8920
8816
7936
8880
9152
9463
1895
7807
8103
8119
8927
7616
8704
7712
9119
1031
1127
1487
2119
2543
815
9007
1375
111
8911
63
159
135
31
1039
1143
167
1311
143
127
23
15
7
791
1759
2423
875
9239
8823
1095
8151
9919
7999
9759
9815
7879
2439
7623
663
8983
1623
2503
2071
9247
9167
431
567
1775
856
768
464
7663
656
8991
39
9655
8199
1663
7943
8135
7983
7947
8247
7959
2303
9967
9935
9639
9839
9687
1159
7799
7751
7480
9103
9559
9343
1719
2103
2263
1911
1671
2135
1399
2151
1383
1431
8791
8871
8799
7823
7903
9303
407
679
543
375
9927
9951
9975
1903
8647
9063
535
367
911
495
2319
7599
8239
8255
9335
7495
7791
7855
7703
8039
7759
8015
8727
7555
9287
7775
759
7551
456
9879
344
487
8567
9383
2471
1639
1927
8887
447
2111
2623
927
823
7863
1615
695
7583
7575
7567
7631
9263
9183
439
399
279
2647
7639
7503
9943
9751
1047
247
831
7472
1483
9163
7899
7595
275
1451
1979
1499
1787
219
2363
719
9371
2347
9195
9779
9859
2699
2187
1963
9998
1470
1878
1726
8190
9546
9426
9510
974
9214
8966
9030
9854
9702
7590
1286
575
9534
8919
8815
7935
8879
9151
9462
1894
7806
8102
8118
8926
7615
8703
7711
9118
1030
1126
1486
2118
2542
814
9006
1374
110
8910
62
158
134
30
1038
1142
166
1310
142
126
22
14
6
790
1758
2422
9238
8822
1094
8150
9918
7998
9758
9814
7878
2438
7622
662
8982
1622
2502
2070
9246
9166
430
566
1774
855
767
463
7662
655
8990
38
9654
8198
1662
7942
8134
7982
7946
8246
7958
2302
9966
9934
9638
9838
9686
1158
7798
7750
7479
9102
9558
9342
1718
2102
2262
1910
1670
2134
1398
2150
1382
1430
8790
8870
8798
7822
7902
9302
406
678
542
374
9926
9950
9974
1902
8646
9062
534
366
910
494
2318
7598
8238
8254
9334
7494
7790
7854
7702
8038
7758
8014
8726
7554
9286
7774
758
7550
455
9878
343
486
8566
9382
2470
1638
1926
8886
446
2110
2622
926
822
7862
1614
694
7582
7574
7566
7630
9262
9182
438
398
278
2646
7638
7502
9942
9750
1046
246
830
7471
7898
7594
274
1450
1978
1498
1786
218
2362
718
9370
2346
9194
9778
9858
2698
2186
1469
1877
8189
9545
9425
9509
9213
9029
9853
9701
574
9533
8918
8814
7934
8878
9150
9461
1893
7805
8101
8117
8925
7614
8702
7710
9117
1029
2117
2541
813
9005
1373
109
157
133
29
1037
1141
165
141
21
13
5
789
1757
2421
9237
8821
1093
8149
9917
9813
7877
2437
8981
2069
1773
854
766
462
7661
654
37
9653
8197
1661
7941
8133
7981
7945
8245
7957
2301
9965
9933
9637
9685
1157
7797
7749
7478
9101
9557
9341
1717
2101
2261
2133
2149
1429
8789
8869
8797
7821
9301
9925
1901
8645
9061
533
365
493
2317
8237
8253
9333
7493
7789
7853
7701
7757
8013
8725
9285
7773
757
7549
454
9877
342
485
8565
9381
2469
1637
1925
8885
445
925
821
7861
1613
693
7565
9261
9181
437
2645
9749
1045
245
829
7470
7897
273
1449
1977
1497
1785
217
2361
717
9369
2345
9193
9777
2697
2185
9996
1468
8188
9544
9508
9212
9028
9852
9700
573
9532
8917
8813
7933
8877
9149
9460
1892
7804
8100
8116
8924
7613
8701
7709
9116
1028
2116
2540
812
9004
1372
108
156
132
28
1036
1140
164
140
20
12
4
788
1756
2420
9236
8820
1092
8148
9916
9812
7876
2436
8980
2068
1772
765
461
7660
36
9652
8196
1660
7940
8132
8244
9964
9932
9636
9684
1156
7796
7748
7477
9100
9556
9340
1716
2100
2260
2132
2148
1428
8788
8868
8796
7820
9300
9924
1900
8644
9060
532
364
492
2316
8236
8252
9332
7492
7788
7852
7700
7756
8012
8724
9284
7772
756
7548
453
9876
341
484
8564
9380
2468
1636
1924
8884
444
924
820
7860
1612
692
7564
9260
9180
436
2644
9748
1044
244
828
7469
7896
272
716
2344
2184
1467
8187
9543
9507
9027
9851
9699
572
9531
8916
8812
7932
8876
9148
1891
7803
8099
8115
8923
7612
8700
7708
1027
2115
2539
811
1371
107
155
131
27
1035
1139
163
139
19
11
3
787
1755
2419
9235
8819
1091
8147
9915
9811
7875
2435
8979
2067
1771
764
460
7659
35
9651
8195
1659
7939
8131
8243
9963
9931
9635
9683
1155
7795
7747
7476
9099
9555
9339
1715
2099
2259
2131
2147
1427
8787
8867
8795
7819
9299
9923
1899
8643
9059
531
363
491
2315
8235
7491
7787
7851
7699
7755
8011
8723
9283
7771
755
7547
452
9875
340
483
8563
9379
2467
1635
1923
8883
443
923
819
7859
1611
691
7563
9259
9179
435
2643
9747
1043
243
827
7468
7895
271
715
2343
2183
9994
1466
8186
9542
9506
9026
9850
9698
571
9530
8915
8811
7931
8875
9147
1890
8098
7611
8699
7707
1026
810
1370
106
1138
786
1754
2418
8146
9914
9810
2434
8978
2066
763
459
9650
8130
9962
9634
1154
7794
7746
7475
9098
9554
2258
2130
8786
8866
7818
9298
8642
9058
530
8234
7490
7786
7850
8722
9282
754
7546
451
9874
339
8562
9378
2466
1634
1922
442
922
7858
690
7562
9178
9746
242
7467
7894
270
714
2342
2182
1465
8185
9541
9505
9025
9849
9697
9529
8810
7930
1889
8097
7610
8698
7706
1025
809
1369
105
1137
785
1753
2417
8145
9913
9809
2433
8977
2065
9649
8129
9961
1153
7793
7745
9097
9553
2257
8785
8865
7817
9297
8641
9057
529
8233
7489
7785
7849
8721
9281
753
7545
9873
338
8561
9377
2465
1633
1921
441
921
7857
689
7561
9177
241
7466
7893
713
2341
2181
1464
9024
8809
7929
8096
7609
8697
7705
1024
104
784
1752
8144
9648
1152
7744
9096
9552
8784
8864
7816
8640
8232
7784
8720
9280
752
7544
9872
337
8560
2464
920
7560
7465
7892
712
2340
2180
1463
9023
8808
8095
7608
8696
1023
103
783
1751
8143
9647
1151
7743
9095
9551
8783
8863
7815
8639
8231
7783
8719
9279
751
7543
9871
8559
2463
919
7559
7891
711
2339
2179
1462
9022
8807
8094
7607
8695
1022
102
782
1750
8142
9646
1150
7742
9094
9550
8782
8862
7814
8638
8230
7782
8718
9278
750
7542
9870
8558
2462
918
7558
710
2338
2178
1461
9021
8806
7606
8694
1021
101
781
1749
8141
1149
9093
9549
8781
8861
7813
8637
8229
7781
8717
9277
7541
9869
8557
2461
709
2337
2177
1460
9020
8805
7605
8693
1020
100
780
1748
8140
1148
8780
8860
7812
8636
8228
7780
9276
7540
9868
8556
2460
708
2336
2176
1459
9019
8804
7604
8692
1019
99
779
1747
8139
1147
8779
8859
7811
8635
8227
7779
9275
7539
9867
8555
2459
707
2335
2175
1458
9018
8803
7603
8691
1018
98
1746
8138
8778
8858
8634
8226
9274
7538
8554
2458
706
2334
2174
1457
9017
8802
8690
1017
97
1745
8137
8777
8857
8633
8225
9273
7537
8553
2457
705
2333
2173
1456
9016
8801
8689
1016
96
1744
8776
8856
8632
9272
7536
8552
2456
2332
2172
1455
9015
8688
1015
95
1743
8775
8855
8631
9271
7535
8551
2455
2331
2171
1454
9014
8687
1014
94
1742
8774
8854
8630
9270
7534
8550
2454
2330
2170
9013
8686
1013
93
1741
8773
8853
8629
9269
7533
8549
2453
2329
2169
9012
8685
1012
92
1740
8772
8852
8628
9268
7532
8548
2452
9011
8684
1011
91
1739
8771
8851
8627
9267
7531
8547
2451
8683
1738
8770
8626
7530
8546
2450
8682
1737
8769
8625
7529
8545
2449
8681
8768
8624
7528
8544
8680
8767
8623
7527
8543
8679
8766
8622
7526
8542
8678
8765
8621
8541
8677
8764
8620
8540
8676
8763
8619
8539
8675
8762
8618
8538
8674
8761
8617
8537
8673
8760
8616
8536
8672
8759
8615
8535
8671
8758
8614
8534
8670
8757
8613
8533
8669
8756
8612
8532
8668
8755
8611
8531
8667
8754
8610
8530
8666
8753
8609
8529
8665
8752
8608
8528
8664
8751
8607
8527
8663
8750
8606
8526
8662
8749
8605
8525
8661
8748
8604
8524
8660
8747
8603
8523
8659
8746
8602
8522
8658
8745
8601
8521
8657
8744
8600
8520
8656
8743
8599
8519
8655
8742
8598
8518
8654
8741
8597
8517
8740
8596
8516
8739
8595
8515
8738
8594
8514
8737
8593
8513
8736
8592
8512
8735
8591
8511
8734
8590
8510
8733
8589
8509
8732
8588
8508
8731
8587
8507
8586
8506
8585
8505
8584
8504
8583
8503
8582
8502
8581
8501
8580
8500
8579
8499
8578
8498
8577
8497
8576
8496
8575
8495
8574
8494
8493
8492
8491
8490
8489
8488
8487
8486
8485
8484
8483
8482
8481
8480
8479
8478
8477
8476
8475
1217
1218
1219
1220
1221
1222
1223
1224
1225
1226
1227
1228
1229
1230
1231
1232
2017
1233
2018
1234
9395
2019
1163
1235
9396
2020
1164
1236
9397
2021
1165
1237
9398
2022
1166
1238
9399
2023
1167
1239
9400
2024
1168
1240
2217
9401
2025
7825
2561
1169
1241
2218
9402
2026
7826
2562
1170
1242
2219
9403
2027
1547
1835
7827
2563
1171
1243
2220
9404
2028
1548
1836
7828
2564
1172
1244
2221
9405
9429
2029
1549
1837
7829
2565
1173
1245
1982
2222
1502
1790
8934
9406
9430
2270
2030
1550
1838
7830
934
2566
8070
1174
8158
9070
222
1246
1983
2223
1503
1791
8935
9407
9431
2271
2031
1551
1839
7831
935
2567
8071
1175
8271
8159
9071
223
1247
1984
2224
1504
1792
8936
9408
9432
2272
2032
1552
1840
7832
936
2568
8072
1176
8272
8160
9072
224
1248
9569
1985
2225
1505
1793
9729
2585
8937
9409
9433
2273
2033
1553
1841
7833
937
2569
8073
9513
1177
8273
8161
7905
9073
2601
225
1249
9570
1986
2226
1506
1794
9730
2586
9482
8938
9410
9434
2274
2034
1554
1842
7834
8050
938
7666
2570
8074
9514
1178
8274
1266
8162
7906
9074
2602
226
1250
9571
2731
1987
2227
1507
1795
9731
2587
9483
8939
9411
8203
9435
2275
2035
1555
1843
7835
8051
939
7667
2571
8075
9515
1179
2627
8275
1267
8163
7907
2651
75
9075
2603
227
411
1251
9572
2732
1988
2228
1508
1796
9732
2684
2588
9484
8940
9412
7964
8204
9436
2276
2036
1556
1844
7836
8052
940
7668
2572
8076
9516
1180
2628
8276
1268
8164
7908
2652
76
9076
2604
228
412
1252
9573
2733
1989
2229
1509
1797
9733
2685
2589
9485
8941
9413
7965
8205
9437
2277
2037
1557
1845
7837
8053
941
7669
2573
8077
9517
2789
2709
1181
2629
8277
1269
8165
7909
2653
77
9077
2605
229
413
1253
9574
2734
1990
2230
1510
1798
9734
2686
2590
9486
8942
187
1358
9414
7966
8206
9438
2278
2390
2038
1558
1846
7838
8054
942
7670
2574
2478
1110
1078
8078
878
9518
2790
2710
1182
9201
9449
8993
9598
9886
2630
8278
302
1270
1414
8166
7910
2654
78
9078
2526
1646
2366
1934
1694
2606
230
414
1254
9575
2735
1991
2231
1511
1799
9735
2687
2591
9487
8943
188
1359
9415
7967
8707
8207
9439
2279
2391
2039
1559
1847
7839
9123
8055
943
7671
2379
795
2575
2479
1111
1079
8079
879
9519
2791
2711
1183
9202
9450
9106
8994
9599
9887
2631
8279
303
1271
1415
8167
7911
2655
79
9079
2527
1647
2367
1935
1695
2607
231
415
7649
1255
9576
2736
1992
2232
1512
1800
9736
2688
2592
9488
8944
189
1360
9416
7968
8708
8208
9440
2280
2392
2040
1560
1848
7840
9124
8056
944
7672
2380
796
2576
2480
1112
1080
8080
880
9520
2792
2712
1184
9203
9451
9107
8995
9600
9888
9315
2632
8280
304
1272
1416
8168
977
7912
2656
80
9080
2528
1648
2368
1936
1696
2608
232
416
7650
1256
209
9905
2009
9609
9617
9577
2737
2289
2401
2049
1569
1857
1993
2233
1513
1801
9625
9737
2689
9497
2593
9489
8945
9217
190
1361
8969
1209
9033
9417
1201
7969
9041
8709
7763
8209
9441
9897
9801
7867
475
9251
8843
8835
2281
2393
2041
1561
1849
7841
9125
8057
986
945
7673
2381
797
2577
2481
1113
1081
8081
8025
1537
881
2825
2801
9521
2793
2713
8953
1185
9204
9452
9108
8996
9324
9601
9889
9316
9585
9825
2633
8281
2081
2721
201
305
347
1273
1417
1825
8169
978
7921
7913
9713
2657
81
1585
505
9049
9081
2529
1649
2369
1937
1697
9225
2609
2745
1601
2513
1681
233
9137
8897
7985
7729
417
7651
771
467
2489
1257
210
9906
2010
9610
9618
9578
9706
2738
997
2290
2402
2050
1570
1858
1994
2234
1514
1802
9626
9738
2690
9498
2594
9490
8946
9218
734
191
1362
8970
1210
9034
9418
1202
7970
9042
8710
7764
8210
9442
9898
9802
7868
476
9252
8844
8836
2282
2394
2042
1562
1850
7842
9126
8058
987
946
7674
2382
798
9562
2578
2482
1114
1290
1082
8082
8026
1538
882
2826
2802
9522
2794
2714
8954
722
9346
1186
9205
9453
9109
8997
9325
9602
9890
9317
9586
9826
2634
8282
2082
2722
202
306
348
1274
1418
1826
8170
979
7922
7914
9714
2658
82
1586
506
9050
9082
2530
1650
2370
1938
1698
9226
2610
2746
1602
2514
1682
234
9138
8898
7986
7730
418
7652
772
468
2490
1258
515
286
171
211
9907
2011
9723
9611
9619
9795
9579
9707
2739
998
2291
2403
2051
1571
1859
1995
2235
1515
1803
9627
9739
9475
2691
9499
9171
8219
2555
2595
9491
8947
9219
735
192
1363
8971
7483
1211
1195
9035
7715
9419
1883
2427
9955
1203
1595
7971
9043
8259
8711
8019
7765
8211
8179
9443
9899
9803
7869
477
9253
8845
8837
1131
2283
2395
2043
1563
1851
7843
7643
9127
9763
8059
1315
988
899
947
7675
2383
1475
1955
1763
2307
2195
683
799
9363
9563
9155
2443
2579
2483
547
7507
1115
1291
2091
1083
8083
8027
179
43
1539
883
9979
1443
1971
1491
1779
9187
2323
2163
1731
2211
1323
2827
2803
8107
9523
2795
2715
8955
723
9347
147
2547
1187
9206
9454
9110
8998
9326
9603
9891
9318
9587
9827
2635
8283
2083
2723
891
203
2123
7683
307
349
1275
1419
1827
8171
980
7923
7915
9715
9675
9667
8123
2659
9995
83
1587
1947
2203
507
9051
9083
2531
1651
2371
1939
1699
9227
2611
2747
1603
2515
1683
51
1707
235
9139
8899
7987
7731
419
379
7653
773
469
2491
1259
516
287
172
212
9908
2012
9724
9612
9620
9796
9580
9708
2740
999
2292
2404
2052
1572
1860
1996
2236
1516
1804
9628
9740
9476
2692
9500
9172
8220
2556
2596
9492
8948
9220
2772
736
193
1364
8972
7484
1212
1196
9036
7716
836
9420
1884
2428
9956
1204
1596
7972
9044
8260
8712
8020
7766
7886
8212
8180
9444
9900
9804
7870
478
9254
8846
8838
8830
1132
2284
2396
2044
1564
1852
7844
7644
9128
9764
8060
1316
989
900
948
7676
2384
1476
1956
1764
2308
2196
684
800
9364
9564
9156
2444
2580
2484
548
7508
870
1116
1292
2092
1084
8084
8028
1004
180
44
1540
884
9980
1444
1972
1492
1780
9188
2324
2164
1732
2212
1324
745
2828
2804
862
8108
9524
2796
2716
8956
724
9348
148
2548
1188
9207
9455
9111
8999
9327
9604
9892
9319
9588
966
9828
2636
8284
2084
2724
892
204
2124
7684
308
350
1276
1420
1828
8172
981
7924
7916
9716
9676
9668
8124
2660
84
1588
1948
2204
508
9052
9084
2532
1652
2372
1940
1700
9228
2612
2748
1604
2516
1684
52
1708
236
9140
8900
7988
7732
420
380
7654
774
470
2492
1260
517
288
173
2297
213
805
9909
2013
9725
9613
9621
9797
9581
9709
2741
1000
2293
2405
2053
1573
1861
2409
2057
2249
1529
1817
1577
1865
1997
2237
1517
1805
9629
9741
9477
1334
2693
9501
9173
8221
2557
2597
9493
8949
9221
2773
737
194
2357
9537
1365
8973
7485
1213
2005
1197
9037
9133
2245
1525
1813
7717
837
1873
9421
1885
2429
9957
1205
1597
8045
7973
9089
9045
8261
8713
8021
7767
7887
8213
8181
9445
9901
9805
2777
7871
479
9255
8847
8839
8831
1133
2413
2061
2253
2285
2397
2045
1565
1853
1533
1821
1581
7725
1869
7845
7645
9129
9765
8061
1317
990
901
845
949
7677
2385
641
1477
1957
1765
2309
2197
685
801
9365
9565
8041
9157
2445
2581
2485
549
7509
871
1117
1293
8265
2093
7721
841
1085
8085
8029
321
1005
181
45
1541
885
9981
1445
1973
1493
1781
9189
2325
2165
1733
2213
741
358
1325
746
2829
2805
863
8109
9525
2797
2717
8957
725
9349
149
2549
1189
9208
9456
9112
9000
9328
9605
9893
9320
9589
967
9829
2637
8285
2085
2725
893
205
2125
7685
309
351
1277
1421
1829
8173
982
7953
7925
7917
9717
9677
9669
8125
7949
2661
9997
85
1589
1949
2205
509
9053
9085
2533
1653
2373
1941
1701
9229
958
2613
2749
1605
2517
1685
53
1709
237
9141
8901
7989
7733
421
381
7655
775
471
2493
1261
518
289
174
294
561
2298
214
9774
806
9910
9374
1630
1918
2014
9726
9614
9622
9798
9582
9710
2742
2510
1678
8894
1001
2294
2406
2054
1574
1862
2410
2058
2250
1530
1818
1578
1866
318
2350
1998
2238
1518
1806
9630
9742
9478
2353
2001
2241
1521
1809
1335
2694
9502
9174
8222
2558
2598
9198
9494
8950
9222
2774
738
195
7978
2358
9538
1366
8974
9294
526
7486
1214
2006
1198
9038
9134
2246
1526
1814
7718
838
1874
9422
1886
2430
9958
1206
9822
2078
1598
8046
7974
9090
9046
8262
8714
8022
7768
7888
8214
8182
9446
9902
9846
9806
2778
7872
480
9256
8848
8840
8832
1134
2414
2062
2254
2286
2398
2046
1566
1854
1534
1822
1582
7726
1870
7846
7646
9130
9766
1054
8062
70
1318
991
198
7694
594
670
902
846
950
614
622
7678
2386
642
1478
1958
1766
2310
2198
686
802
9366
9566
8042
9158
2446
2582
2486
550
7510
872
1118
1294
2142
994
8266
2094
7462
502
7722
842
1086
8086
8030
322
8007
1006
1406
182
46
1542
2158
886
9982
9782
9310
9358
9862
1446
1974
1494
1782
9190
702
2326
2166
1734
2214
742
359
1326
1062
747
2830
2806
864
8110
9526
2798
2718
8958
726
2702
9350
150
2550
1190
9390
9209
9457
9113
9001
9329
9694
9606
9894
9321
9990
9590
968
9830
2638
558
8286
7518
2086
2726
894
206
2126
1390
7686
310
352
1278
1302
1422
1830
2190
646
8174
983
1350
7954
7926
7918
9718
9678
9790
9470
9670
598
8126
7950
2662
86
1590
1438
1950
2206
510
9054
9086
2534
1654
2374
1942
1702
1342
9230
959
2614
2750
118
1606
582
2518
1686
54
630
1710
1966
390
9662
238
9142
8902
7990
7734
422
382
7656
776
472
2494
1102
1262
519
290
175
295
562
2299
215
9775
807
9911
9375
1631
1919
2015
9727
9615
9623
9799
9583
9711
2743
2511
1679
8895
1002
2295
2407
2055
1575
1863
2411
2059
2251
1531
1819
1579
1867
319
2351
1999
2239
1519
1807
9631
9743
9479
2354
2002
2242
1522
1810
1336
2695
9503
9175
8223
2559
8269
2599
9199
9495
8951
9223
2775
739
196
8035
1075
7979
2359
9539
1367
8975
9295
527
7487
1215
2007
1199
9039
9135
2247
1527
1815
7719
839
1875
9423
1887
2431
9959
1207
9823
2079
1599
8047
7975
9091
9047
8263
8715
8023
7769
7889
8215
8183
9447
9903
8249
7961
8001
7697
9847
9807
2779
7873
481
9257
8849
8841
8833
1135
2415
2063
2255
2287
2399
2047
1567
1855
1535
1823
1583
7727
1871
7847
7647
9131
9767
1055
8063
71
1319
1057
992
199
7695
595
671
903
847
951
607
615
623
7679
2387
643
7681
1479
1959
1767
2311
2199
687
803
9161
9367
335
9567
8043
9159
591
2447
2583
2487
551
7511
873
1119
1295
2143
995
8267
8369
8437
8335
8361
8423
8317
2095
7463
503
7723
843
1087
8087
8033
1073
8031
1071
1065
1067
8327
331
323
8008
633
8467
1007
1407
183
47
1543
2159
887
9983
9783
9311
9359
9863
1447
1975
1495
1783
9191
703
2327
2167
1735
2215
743
360
1327
8329
8451
1063
8311
748
2831
2807
865
8111
9527
2799
2719
8289
8959
727
2703
9351
151
2551
1191
9391
9210
9458
9114
9002
9330
9695
9607
9895
9322
9991
9591
969
8389
9831
2639
559
8355
8287
7519
605
2087
2727
895
207
2127
1391
7687
311
401
281
353
1279
1303
1423
1831
2191
647
8175
1481
1961
1769
2313
984
2201
1351
7955
7927
7919
1069
601
603
9719
9679
9791
9471
9671
599
8005
8449
8309
8387
8353
8411
8291
8127
7951
8457
2663
9999
87
1591
1439
1951
2207
511
9055
9087
2535
1655
2375
1943
1703
1343
9231
960
8419
8375
8371
8323
8439
8461
8445
333
8333
8315
8455
327
635
587
8299
2615
8321
8339
8403
8365
8349
8343
2751
8429
8413
8431
119
8307
325
8397
1607
329
8395
8415
583
8303
8357
8383
8433
2519
1687
8465
55
639
8421
631
637
8377
8401
8341
8417
8373
8331
8453
585
8305
8399
8405
589
8359
1711
1967
391
9663
239
9143
8903
8367
8325
8351
8443
8313
8441
7991
7735
423
383
7657
777
473
8385
8409
8337
8363
8393
8381
8463
8391
8345
8293
8425
8473
8459
8347
8407
8295
8469
8297
8427
8435
8471
8447
8319
8301
8379
2495
1103
1263
520
291
176
296
563
9857
2300
216
9776
808
9912
9376
1632
1920
2016
9728
8049
7665
9105
9616
9624
9800
2824
9584
9712
2744
2512
1680
8896
9705
9561
9345
1003
2296
2408
2056
1576
1864
2412
2060
2252
1532
1820
1580
1868
320
2352
2000
2240
1520
1808
7977
9632
9744
9480
2355
2003
2243
1523
1811
1337
8037
2696
8251
9504
9176
8224
2560
8270
2600
1265
7963
1077
9200
9496
8952
9224
2776
740
197
8036
1076
7777
7625
665
8003
7980
2360
9633
9745
9540
1368
8976
9296
528
7488
1216
9481
2788
2708
2008
1200
9040
9136
2248
1528
1816
7720
840
2617
7553
1876
9424
1888
2432
9960
7557
1208
9824
2080
1600
2356
2004
2244
1524
1812
293
8048
7976
553
7513
9092
9048
8264
593
597
8716
8024
7802
7754
7770
7890
7778
8649
9065
8216
2537
1657
2377
1945
1705
8184
9448
9904
8250
7962
8002
1353
7698
2755
7455
9848
9808
2782
2780
2769
2762
5258
4399
4093
5849
4294
4277
6616
5618
7140
3898
3980
5810
4375
5612
7146
3609
3064
6266
4209
4134
4500
5134
7158
3655
4099
5873
6332
4288
4255
5368
6724
4701
6473
3882
6081
5487
6783
3326
3910
4325
4554
5140
6848
3550
3974
5343
4506
5146
6854
3568
4560
5152
6860
3591
4314
4266
4830
5525
6866
3871
5164
6872
3865
5723
6883
3842
5050
6894
3746
4300
4246
4128
6326
5658
6911
3808
4755
5170
6917
3273
5694
6842
3279
4737
5128
6933
3147
5039
5193
6939
3414
5879
4767
5199
6951
3291
4309
5831
4261
6957
3308
3997
5837
6963
3331
4105
5843
6974
3366
5771
5855
5861
4337
4283
5867
4241
6169
6397
4215
4482
5080
6986
3454
5798
5222
7089
3193
4151
4605
6391
4203
4731
5187
7290
3181
4320
4488
4272
5717
7302
3426
5353
4163
5891
4773
5104
7314
3360
4003
5921
4346
5927
5816
4537
5915
7325
3471
5909
5261
4009
5903
4039
5897
4887
6379
4181
4743
5116
7394
3187
5792
5122
7347
3222
4145
5945
7382
3819
5933
7376
3802
4725
5098
6666
3717
5939
6023
4749
5110
7365
3735
6017
7359
3723
5963
4761
5234
7175
3859
6011
4785
5228
7187
3597
6005
7193
3585
7199
3574
5999
6643
5969
3814
4779
5205
7205
3533
4665
5975
4985
5981
7228
3511
7164
3489
4157
4330
4352
5987
4453
5993
5804
5176
7245
3667
3058
4881
4193
5339
4476
5158
7251
3632
4494
5670
7268
3621
4139
4111
6040
6069
7450
7445
7440
7435
7425
5647
7415
7004
3544
6057
6046
7405
4221
6075
6403
6034
5432
7279
3701
6660
3556
6063
7274
3679
6225
5266
7263
3627
4226
6164
5406
7240
3684
2843
4797
2813
5437
2783
7211
3517
4305
4251
2819
5348
2837
5271
7170
3887
4965
4866
7371
3764
4851
5740
2946
6421
5287
7400
3250
6119
5411
7336
3438
4583
6215
5292
7331
3460
4846
5755
5240
2951
6426
5297
7320
3372
4532
5357
6220
6052
4836
5308
4522
2929
5760
5776
5254
4975
4871
6969
3349
6102
3916
5182
6923
3142
4970
4876
6906
3769
4856
5735
5401
6889
3877
6878
3848
4527
5334
3992
5282
6928
3706
5442
2849
6720
6185
3410
5422
7135
3393
6190
5476
7115
3303
6200
5498
7105
3217
4237
6124
6622
5390
7063
3792
4566
5427
4199
7058
3741
4459
5515
7043
3500
6210
5385
7016
3644
4841
5745
6175
5653
7027
3495
7038
3522
4826
5045
7048
3539
4369
6508
6788
3211
6631
4659
4363
6514
6672
3661
6409
6314
5470
6637
3649
3040
5276
6678
3477
5074
5033
6248
6152
5688
6836
3729
6236
6146
5588
6812
3483
6242
6140
5582
6800
3205
3986
6729
3255
5211
4991
6337
7053
4069
5302
3580
6714
3382
4464
5729
6702
3465
6230
6134
5635
6690
3267
6415
6320
2917
4543
4791
4517
5531
6735
3780
4923
4081
5554
6684
3615
4653
4953
5056
2888
4935
4647
4045
6349
4814
4929
6158
6343
4447
4599
5606
6806
3320
6818
3354
4808
4341
5781
3082
4623
4617
4611
4641
2852
5700
6648
3786
4334
4405
4947
4941
4027
5600
7152
3285
5951
4175
4057
6490
6502
4051
6479
4629
4381
3046
5537
6824
3398
4117
6485
6385
4015
6355
4593
6361
3112
6129
5003
6367
4635
5750
4997
6373
2911
2974
2998
3016
7430
3028
7420
2923
7410
2934
2956
6626
2905
3034
2858
2882
2893
2876
2980
2864
2870
2992
3004
3022
2899
2986
2962
3010
2968
6180
5549
7068
3797
5786
4917
4512
5706
6696
3825
5571
7073
3837
4911
5560
6741
3239
5520
7078
3443
4075
4959
3070
4358
6029
6107
3124
4802
3136
4387
6526
5641
6771
3432
6113
3106
3094
5957
6097
6747
3689
5821
5682
6777
3562
4571
3076
3088
4063
5885
4169
5027
4187
3927
6092
4470
5092
6794
3261
4577
5331
4122
6496
3933
6205
4905
5576
6765
3337
5624
7095
3176
4719
4980
4087
5062
4861
3118
7100
7257
3638
4893
3100
3245
6254
6562
7222
3505
3944
4393
6520
5543
7353
3892
4899
3130
6260
6550
6087
5068
6272
4549
5015
4820
4231
5629
7341
3153
5566
6556
7110
3228
5009
6532
4713
5086
7308
3314
6544
7216
3170
5765
5216
6992
3233
6538
3950
4033
5825
5676
6900
3752
6604
3921
6195
4021
3956
5712
7120
4707
3377
5594
7083
3164
5249
7125
4671
6431
5664
7021
3603
3388
4587
5313
5416
7032
3673
6568
6598
6586
4695
6461
5458
7010
3343
3962
5244
7130
6308
3159
6610
5319
5446
6945
3448
3939
4423
6302
2940
5481
6980
3297
6998
3199
6455
5503
7296
3404
6580
4417
5379
7388
3831
5021
5492
7284
3904
4689
6437
5509
7181
3853
3968
7234
3695
6592
5325
5452
6654
3527
4411
6284
4435
6278
4677
6443
5373
6753
3711
6574
3052
5362
6708
3774
4441
6296
4683
6467
5464
6759
3420
4429
6290
6449
5395
6830
3758
162
138
7874
34
8010
482
9258
1042
1146
1010
8850
74
9122
7762
8842
8834
170
8018
1314
1322
146
729
9234
9146
458
450
1136
2416
2064
2256
2288
2400
2048
1568
1856
1536
1824
1584
7728
1872
7801
8922
8818
7938
8794
8882
8914
8874
7848
8730
8706
9250
9170
8218
7714
9154
7454
2781
2768
2761
5257
4398
4092
5848
4293
4276
6615
5617
7139
3897
3979
5809
4374
5611
7145
3608
3063
6265
4208
4133
4499
5133
7157
3654
4098
5872
6331
4287
4254
5367
6723
4700
6472
3881
6080
5486
6782
3325
3909
4324
4553
5139
6847
3549
3973
5342
4505
5145
6853
3567
4559
5151
6859
3590
4313
4265
4829
5524
6865
3870
5163
6871
3864
5722
6882
3841
5049
6893
3745
4299
4245
4127
6325
5657
6910
3807
4754
5169
6916
3272
5693
6841
3278
4736
5127
6932
3146
5038
5192
6938
3413
5878
4766
5198
6950
3290
4308
5830
4260
6956
3307
3996
5836
6962
3330
4104
5842
6973
3365
5770
5854
5860
4336
4282
5866
4240
6168
6396
4214
4481
5079
6985
3453
5797
5221
7088
3192
4150
4604
6390
4202
4730
5186
7289
3180
4319
4487
4271
5716
7301
3425
5352
4162
5890
4772
5103
7313
3359
4002
5920
4345
5926
5815
4536
5914
7324
3470
5908
5260
4008
5902
4038
5896
4886
6378
4180
4742
5115
7393
3186
5791
5121
7346
3221
4144
5944
7381
3818
5932
7375
3801
4724
5097
6665
3716
5938
6022
4748
5109
7364
3734
6016
7358
3722
5962
4760
5233
7174
3858
6010
4784
5227
7186
3596
6004
7192
3584
7198
3573
5998
6642
5968
3813
4778
5204
7204
3532
4664
5974
4984
5980
7227
3510
7163
3488
4156
4329
4351
5986
4452
5992
5803
5175
7244
3666
3057
4880
4192
5338
4475
5157
7250
3631
4493
5669
7267
3620
4138
4110
6039
6068
7449
7444
7439
7434
7424
5646
7414
7003
3543
6056
6045
7404
4220
6074
6402
6033
5431
7278
3700
6659
3555
6062
7273
3678
6224
5265
7262
3626
4225
6163
5405
7239
3683
2842
4796
2812
5436
7210
3516
4304
4250
2818
5347
2836
5270
7169
3886
4964
4865
7370
3763
4850
5739
2945
6420
5286
7399
3249
6118
5410
7335
3437
4582
6214
5291
7330
3459
4845
5754
5239
2950
6425
5296
7319
3371
4531
5356
6219
6051
4835
5307
4521
2928
5759
5775
5253
4974
4870
6968
3348
6101
3915
5181
6922
3141
4969
4875
6905
3768
4855
5734
5400
6888
3876
6877
3847
4526
5333
3991
5281
6927
3705
5441
2848
6719
6184
3409
5421
7134
3392
6189
5475
7114
3302
6199
5497
7104
3216
4236
6123
6621
5389
7062
3791
4565
5426
4198
7057
3740
4458
5514
7042
3499
6209
5384
7015
3643
4840
5744
6174
5652
7026
3494
7037
3521
4825
5044
7047
3538
4368
6507
6787
3210
6630
4658
4362
6513
6671
3660
6408
6313
5469
6636
3648
3039
5275
6677
3476
5073
5032
6247
6151
5687
6835
3728
6235
6145
5587
6811
3482
6241
6139
5581
6799
3204
3985
6728
3254
5210
4990
6336
7052
4068
5301
3579
6713
3381
4463
5728
6701
3464
6229
6133
5634
6689
3266
6414
6319
2916
4542
4790
4516
5530
6734
3779
4922
4080
5553
6683
3614
4652
4952
5055
2887
4934
4646
4044
6348
4813
4928
6157
6342
4446
4598
5605
6805
3319
6817
3353
4807
4340
5780
3081
4622
4616
4610
4640
2851
5699
6647
3785
4333
4404
4946
4940
4026
5599
7151
3284
5950
4174
4056
6489
6501
4050
6478
4628
4380
3045
5536
6823
3397
4116
6484
6384
4014
6354
4592
6360
3111
6128
5002
6366
4634
5749
4996
6372
2910
2973
2997
3015
7429
3027
7419
2922
7409
2933
2955
6625
2904
3033
2857
2881
2892
2875
2979
2863
2869
2991
3003
3021
2898
2985
2961
3009
2967
6179
5548
7067
3796
5785
4916
4511
5705
6695
3824
5570
7072
3836
4910
5559
6740
3238
5519
7077
3442
4074
4958
3069
4357
6028
6106
3123
4801
3135
4386
6525
5640
6770
3431
6112
3105
3093
5956
6096
6746
3688
5820
5681
6776
3561
4570
3075
3087
4062
5884
4168
5026
4186
3926
6091
4469
5091
6793
3260
4576
5330
4121
6495
3932
6204
4904
5575
6764
3336
5623
7094
3175
4718
4979
4086
5061
4860
3117
7099
7256
3637
4892
3099
3244
6253
6561
7221
3504
3943
4392
6519
5542
7352
3891
4898
3129
6259
6549
6086
5067
6271
4548
5014
4819
4230
5628
7340
3152
5565
6555
7109
3227
5008
6531
4712
5085
7307
3313
6543
7215
3169
5764
5215
6991
3232
6537
3949
4032
5824
5675
6899
3751
6603
3920
6194
4020
3955
5711
7119
4706
3376
5593
7082
3163
5248
7124
4670
6430
5663
7020
3602
3387
4586
5312
5415
7031
3672
6567
6597
6585
4694
6460
5457
7009
3342
3961
5243
7129
6307
3158
6609
5318
5445
6944
3447
3938
4422
6301
2939
5480
6979
3296
6997
3198
6454
5502
7295
3403
6579
4416
5378
7387
3830
5020
5491
7283
3903
4688
6436
5508
7180
3852
3967
7233
3694
6591
5324
5451
6653
3526
4410
6283
4434
6277
4676
6442
5372
6752
3710
6573
3051
5361
6707
3773
4440
6295
4682
6466
5463
6758
3419
4428
6289
6448
5394
6829
3757
1345
7648
9132
9768
1056
8064
72
1320
7522
1058
993
697
9290
200
2129
7696
596
672
904
848
952
608
616
624
7680
8964
1620
2500
1908
1668
8092
8932
2388
1108
68
644
7753
7682
1480
1960
1768
2312
2200
7618
688
804
9162
9368
336
9568
8044
9160
362
592
2448
2584
2488
552
7512
9145
2473
1641
1929
874
7593
1289
1061
9233
265
1120
1296
2144
996
8268
8370
8438
8336
8362
8424
8318
1393
1329
9292
121
2753
1378
114
2096
8963
1619
2499
1907
1667
8091
8931
1107
67
57
1346
1394
1330
7464
504
7724
844
9293
8890
9993
1088
538
370
7498
914
7458
498
1097
9754
9466
9658
8088
8034
1074
8032
1072
1066
1068
2618
7761
8017
9834
2522
1690
2771
8328
332
324
8009
2767
2770
2766
2765
2764
2763
9946
9770
634
8468
9882
9818
1008
1408
0
184
48
1544
2160
888
9984
9784
9312
9360
9864
1448
1976
1496
1784
9192
704
2328
2168
1736
2216
744
4397
4091
4286
6722
6858
4298
6909
6915
6931
6972
4179
4741
7392
7380
6664
4777
4350
4451
5802
7243
7438
7002
6223
7238
2835
6419
4844
6218
6876
2847
6718
7061
4457
7041
7036
3038
6676
3984
4989
6228
6688
4651
4597
6816
4806
4615
6646
4945
7150
4173
4055
6822
4013
4995
3032
2868
2966
7076
4957
6792
5329
5007
4711
5214
7118
4705
4585
7030
4693
7008
6978
4415
7179
4409
4675
6757
4427
361
1328
6857
6971
4740
6663
7242
6217
6675
4650
4596
4805
7149
6821
4994
7029
6977
4408
4407
4124
4401
6498
3357
3571
3664
2840
3369
3497
3612
6340
3351
6364
3686
3559
4949
3019
2845
5131
5294
4095
3935
5851
4752
6936
4479
4722
7333
4823
6412
4811
4926
3067
4060
4890
4668
3965
4296
4943
4279
6618
5978
4234
4563
6207
3462
6317
4078
6382
6493
6269
3150
5620
7142
3900
2822
4212
4166
4184
3982
4907
4029
5578
5602
7154
6767
3287
3339
5161
5113
5155
5685
5632
5626
4727
5100
6668
3719
6780
6863
4125
7344
7368
4848
4048
2983
7097
7254
5812
5941
5953
5870
3565
3178
3594
5972
5757
6187
3738
5042
4402
6499
6352
3635
3156
4177
4377
6025
5614
9385
1122
1298
1338
4498
6079
5485
3548
4504
4558
3869
3863
5721
3840
5048
3744
4244
6324
3806
5692
5126
3412
5197
3306
5835
4281
4603
3358
5907
5259
3817
5931
3715
6009
3572
5997
3812
4663
3487
5985
3665
3619
3699
3677
2841
3370
4834
3215
5425
7056
3498
6312
5468
5031
3203
5529
5552
3613
6341
3352
6477
3044
5535
6483
6365
5748
6371
7428
5569
3835
6524
3092
3687
3560
5622
3098
6548
5066
5564
3919
5710
5247
3386
5242
6306
5019
6435
6590
3525
6441
3709
3772
5462
6288
5393
2867
7148
4400
3611
4094
5850
4751
4721
3066
4059
4295
4278
6617
6492
6268
5619
7141
3899
4211
3981
5112
7367
5811
3737
4376
5613
5196
5424
7147
3610
3065
6267
4210
4135
4501
5135
7159
3656
4100
5874
6019
6504
6333
4289
4256
5369
6725
4702
6474
3883
6082
7137
4317
4746
4982
4136
3924
4574
6942
4089
2833
4053
4502
6481
5064
5136
5488
7361
7160
6784
3327
3657
3725
3911
4101
4326
4555
5141
6849
3551
3975
5875
5965
5344
4507
5147
4269
5894
6020
4863
6505
6334
3079
3395
6104
4799
4084
6559
3417
6855
3569
4561
5153
6861
3592
4315
4267
2815
4831
5526
6867
3872
5165
6873
3866
5724
6884
3843
5051
6895
3747
4763
4301
4631
4247
4129
6327
5659
6912
3809
4756
5171
6918
3274
5236
5695
6843
3280
7177
4738
5129
6934
3148
5040
3861
5194
6940
3415
5880
4768
5200
6952
3292
4290
4310
5832
4262
4257
6013
6958
3309
3998
5838
6964
3332
4106
5844
5119
5439
5473
5370
6975
3367
4787
4383
2785
5772
3120
3048
5856
5230
5539
7189
6826
3599
3400
5862
6640
7397
7102
6172
6726
4950
4338
4119
7213
3947
4420
4284
4703
5868
4242
6007
6475
6170
6398
4216
4483
5081
6987
3455
7259
5799
5223
7090
3194
3640
4152
4606
6392
4204
4732
5188
7291
3182
4321
4895
4489
4273
3102
5718
7303
3427
3652
3190
6400
3884
3247
5354
3139
3519
6487
4072
3115
6192
4164
5892
7195
4774
5105
7315
3361
4004
5922
3587
4347
5928
6387
5817
4538
5916
7326
3472
4218
5910
6256
5262
6564
7201
4010
5904
3576
4040
5898
5305
5382
5650
5478
4888
6380
4182
4744
5117
7395
3188
4017
5793
6001
6357
6083
5123
7348
3223
4146
5946
7224
7383
3820
5934
3507
7377
3803
9970
9938
9642
9842
9690
9986
9786
8330
8452
6614
7138
5808
7144
4097
6870
6840
4735
4307
6961
5078
6984
4729
4318
4771
4001
4344
4535
7374
4747
3583
7197
4983
4191
4137
7433
2817
6117
4581
3990
7133
7113
7014
4657
6234
7051
6700
4789
4445
4939
3014
7418
2856
2862
3020
2897
7066
7071
6739
4385
6111
6745
3925
4575
6763
7220
7351
4229
7306
4019
6943
3937
6751
4090
7391
4776
2834
2846
6717
7040
4988
6645
4054
3031
7117
7007
4414
4595
6363
4726
5099
6667
3718
5940
5971
6024
4497
3547
4503
3305
3816
5984
4833
6311
3043
6482
3834
3091
5065
3918
3385
3524
6287
4750
5111
7366
3736
6018
7360
3724
5964
4762
5235
7176
3860
6012
4786
5229
7188
3598
3946
6006
3114
7194
3586
7200
3575
6000
6644
5970
3815
4780
5206
7206
3534
5137
5184
5107
5279
5673
5489
4666
5976
4986
5982
7229
3512
7165
3490
4158
4485
7362
7161
6060
7271
7317
6925
6785
6131
6681
4331
2953
4355
4467
4390
4817
4395
5005
6369
6522
4353
5988
5545
7355
4454
5994
3894
5805
5177
7246
3668
4637
4901
3132
3059
4882
4194
5340
3144
3328
3363
5990
3624
5752
6049
3658
3726
3480
5882
6202
6529
6428
4477
5159
7252
3633
4495
5671
7269
3622
4140
4112
6041
6070
4999
7451
6375
7446
7441
2873
7436
7426
5648
7416
7005
3545
6058
6047
7406
6262
4781
4222
3912
6076
6404
6035
6552
5433
5207
7207
7280
3702
3535
5644
5732
5299
5083
5500
6661
3557
6064
7275
3680
4102
5795
7322
4006
4327
4962
4066
2995
6774
6089
7107
6989
3953
6705
4438
6226
4556
5142
5267
6850
7264
3628
3552
3976
5070
6274
4551
5876
5888
5924
3468
3219
5966
6066
5345
3435
3457
3073
3374
6281
5017
4227
2913
2976
6165
4508
3000
5148
5407
1282
1306
9594
1064
8312
2787
5610
5132
4253
5138
5144
3589
4828
5841
5853
5865
5185
4270
3424
5913
5895
3800
6021
5108
3733
5226
6003
5668
7423
3542
6073
5269
4864
6213
5295
5774
5252
3347
3767
3875
5280
3301
6198
6122
5513
6506
6635
6138
6335
3080
3784
5949
3396
6359
3110
7408
5547
3795
5784
6105
3122
4800
3430
5025
3174
4085
3243
6560
3128
6085
3226
3312
6542
3231
5674
6602
3162
6584
5456
6608
6300
3829
5490
3902
3693
5323
3050
5360
3418
4172
6856
7241
3570
3685
3018
2844
4822
4667
5977
4233
4562
2821
5154
5631
6862
7343
3593
3155
5047
5125
5528
5568
4316
4268
4798
6558
2814
5438
2784
7212
3518
4096
6869
4306
4770
4534
7432
2816
7112
6233
7050
7350
3936
4987
3030
5983
4832
4252
5852
5912
7422
3541
3874
6137
5024
3225
3230
5359
2820
5527
6868
3873
5011
6534
2925
5166
7412
6874
3867
4715
5349
2936
5725
6885
2958
7230
3513
3844
5202
5495
6628
5638
2838
5272
5052
5088
7310
7171
6896
3316
3888
3748
2809
4764
6954
7287
4302
4972
4024
4632
3007
6693
5012
4680
6546
7166
2907
3491
4966
4867
3907
3270
4878
4248
3085
6535
3294
6446
7372
7218
3765
3172
4130
4852
6328
5741
4159
5660
4142
2926
6913
3036
3810
2860
5767
4757
2947
6422
2884
5218
5172
5288
7401
6919
6994
3275
3251
3235
5167
5237
5557
5376
2895
6120
6540
2878
5696
5412
6844
7337
3281
3439
4292
6264
6852
4312
6881
4753
6937
5769
4239
4480
4486
4037
4723
7363
7357
4759
4783
7185
7162
4474
7266
7413
6658
6061
7272
7261
4224
6162
7168
7334
2949
7318
6967
3914
6926
7025
4824
6786
6246
6810
4462
6132
6413
2915
6682
4645
4812
4927
4609
4332
4627
4115
2909
2972
2932
2954
2903
2880
4909
3068
4356
4061
4468
7093
4717
4859
4891
4391
6258
4547
4818
4669
7128
6578
7386
3966
4396
4297
6908
5801
6222
6418
6875
4456
6687
4944
5006
4584
4692
7178
4674
6756
4739
6216
5130
5293
6935
7332
3461
3149
4847
2982
5756
5041
6078
3868
3862
6323
5834
4280
3714
5996
3618
6370
6523
5241
6434
6440
3771
2866
5195
6941
3416
2952
4354
5989
5881
6427
2872
5298
7321
2994
3952
3373
5225
5667
5512
5546
4769
4533
5358
5201
6953
3006
3293
4291
4311
7356
7184
7024
4626
4114
7092
4716
4858
6577
6221
4455
5833
5995
6053
3024
4837
3895
3606
4263
4258
5858
5350
6014
3856
3055
6043
5737
3196
6959
3310
2901
4371
2988
6510
5309
4148
2937
6790
3213
4035
5827
4523
5678
6902
3754
5365
5726
2964
5806
3999
3012
5839
6633
6606
2970
2930
5178
7247
3669
6054
6886
6619
6406
6711
4620
4638
3025
2959
4914
4902
3959
7231
4661
6965
3333
4107
5761
5845
5777
5255
6037
3514
3845
6182
4838
3777
6126
3133
3060
4365
4976
4883
4872
6516
4195
3896
3607
3324
5341
4264
3145
5191
5829
4259
3329
3364
5859
6395
5715
5351
5102
5120
6015
5232
3857
5203
3531
5979
5991
3056
3630
6044
3554
5264
3625
5404
5738
5753
6424
6050
5180
4525
5440
3391
5474
5496
4235
5388
4564
6208
3642
3493
6629
3659
5274
3727
6144
3481
3463
6318
4079
5054
6347
5698
5598
6383
6624
5704
3823
5639
5883
5090
6494
6203
3335
5541
6270
3151
6554
6530
4031
6429
5414
6566
6596
6459
3197
6453
3851
5450
5371
6572
9881
6970
6674
6976
3663
2839
3368
3350
4478
6411
6316
5160
7253
3634
5551
5621
5563
5392
3923
6103
5472
6639
3651
6613
7143
6960
5077
4656
4788
4444
7065
7070
4384
6744
4496
3042
3917
5183
5278
5672
7270
6924
6680
3143
3623
3479
2786
3799
6072
5773
6197
5948
3794
3121
3242
3311
6299
3901
5322
3049
4971
4023
4877
4141
2902
6907
3770
4113
4857
5857
6042
5736
3958
5714
5231
5403
5273
5053
5089
5540
5449
5076
6071
5402
6890
5035
3878
4372
3971
6891
5036
6948
7311
7172
7190
4932
4590
5000
2989
6897
7122
6827
4709
6879
3849
5788
4528
6250
5335
4919
6154
7452
3879
3451
6376
6511
3379
4514
3317
4568
3889
3749
3600
5310
5316
3401
5690
5708
6838
6698
3731
3827
6238
3993
6148
5283
5590
4154
7447
2920
6929
6814
3485
3707
6244
6142
5584
6802
3207
7442
5429
2810
5419
5573
5443
3988
5863
5596
7085
6731
3257
3166
8905
8965
1621
2501
1909
1669
8093
749
8933
2389
1109
69
645
2823
4373
3062
4207
4132
6846
3972
6892
5037
4765
6949
6955
4213
7087
4149
4201
7288
7312
7173
7191
6641
7226
7249
7277
4303
7398
4973
4854
7103
6173
4367
4361
6670
6240
6727
4541
6733
4951
2886
4933
4043
4339
2850
4025
4379
4591
5001
4633
2874
2978
2990
3008
6178
6694
4167
4185
4120
4978
5060
3942
5013
7339
7214
3948
6898
7123
7019
4421
2938
7294
6652
4433
4681
6828
4285
6721
4349
7437
7237
7060
7035
3983
4614
7075
4956
6791
4710
5213
4704
4426
4993
6339
5869
6186
3839
3743
4243
3411
5930
6008
3698
3676
3214
7055
5030
6476
7427
6547
6305
5423
7136
2832
3394
6171
6399
4071
6191
4217
5304
5649
5477
3582
4190
7417
6716
7116
7006
3546
3304
3384
4484
6059
4466
6048
6201
5731
5082
5499
7106
6988
6704
3467
3218
3456
5251
7407
6232
6136
5637
2808
6692
3269
6263
6880
4238
4036
4782
7260
4223
6161
7167
3913
4461
4608
2908
4908
4546
7127
7385
5800
6417
4673
6077
6322
6433
5224
5666
7023
7091
3605
3195
6405
4913
6036
6125
5828
6394
4524
3390
3641
3492
6346
6623
3822
6553
4030
6595
3850
6571
5562
5391
7064
6743
3793
3241
4589
4567
5315
4153
2919
5428
5418
4206
4200
7059
7034
3742
3675
4460
4607
4545
6393
6570
4205
5516
7044
3501
5522
5434
5579
5208
5603
5517
5679
4733
6211
6600
5189
5386
7017
7292
3183
3645
7155
4322
5789
7208
4529
4967
6903
7045
6768
3930
6251
4896
7080
7281
4686
4842
5746
6588
4697
4490
4793
6463
4274
6470
3288
5936
5336
2943
4519
4868
3703
3536
4920
6155
3103
3502
3340
3445
3755
5719
5533
5460
7012
6737
7304
3345
3782
3428
6176
5654
7453
3653
6330
5366
3880
3908
5523
5162
3271
3995
6167
3452
5220
3191
6389
5919
5901
4885
6377
5114
3185
5096
3721
3509
5174
4879
5156
5645
6401
6032
3682
5435
4249
3885
3248
5290
5355
3140
4874
5733
5399
3790
5743
3520
6512
3647
6150
5686
5586
5580
5209
5300
3380
5727
5633
4515
5604
3318
3283
6488
4510
5518
3441
4073
6027
6095
5819
5680
4569
3086
3259
3116
6518
3890
5627
5084
3168
6536
3750
6193
3601
5311
3671
5317
3295
5501
3402
5507
6294
6447
2965
6662
7028
3496
3558
4925
3964
4077
4165
5484
5691
5467
5709
5246
5893
4083
5807
6839
4734
6983
4728
4000
7373
7196
6116
7132
6699
3013
6762
7219
4775
7039
6310
3523
5106
7316
3362
4005
4961
5923
6065
3072
3588
4827
5840
3423
3732
6212
3766
3300
6634
3109
3173
6601
3161
6607
3828
5046
7049
3540
5556
2971
2931
6686
3617
4370
6509
6789
3212
6632
4660
4364
6515
5190
5101
5179
5387
6673
3662
6410
6315
5471
6638
3650
6612
4655
3041
5277
6679
3478
5321
5448
5075
5034
6947
6249
6153
3450
5689
6837
3730
6237
6147
5589
6813
3484
6243
6141
5583
6801
3206
3987
6730
3256
4131
7248
7276
4853
4360
6669
6239
4540
5059
3941
7018
7293
4432
4348
4955
5212
4425
4992
6338
5929
7054
6304
4070
5303
3581
6715
3383
4465
5730
6703
3466
6231
6135
5636
6691
3268
6416
6321
2918
4544
4792
2942
4518
5532
6736
3781
6329
3994
6388
5918
3184
3720
6031
3681
5742
3646
6149
5818
3670
6293
4924
5483
4082
6982
3299
5555
6685
3616
4654
4539
5058
4954
5917
5057
2889
4936
4160
2890
7000
4648
4046
6350
3201
4815
6457
4930
6159
6344
5505
7298
7327
4448
4600
5607
6807
3321
3406
3473
5284
5591
5661
6819
3355
4809
4342
4937
6109
5782
3126
6582
3083
4624
4618
4612
4642
2853
5701
6649
3787
866
8112
9528
2800
2720
3978
7156
4699
6781
4323
6864
4126
4103
4335
5796
7300
4161
7323
4007
5790
7345
4143
5961
7203
4155
4328
4109
7448
6055
7403
4219
7209
4963
7369
4849
7329
4530
2927
6921
4968
6904
6887
6620
4197
7046
6407
5072
6834
6798
4067
6712
6804
4621
4639
4049
2996
3026
2921
2891
3002
2984
2960
4915
6769
6775
6090
3931
4903
7098
7255
6252
4897
7108
5763
6990
3954
7081
3960
6996
7282
4687
7232
6706
4439
6914
6930
7379
4450
7001
4843
3037
6227
6815
4012
5328
4649
4804
4406
4948
4942
4028
5601
7153
3286
4047
5952
6351
4176
4557
3805
4602
5906
3811
4662
3486
3202
5747
3097
6589
3708
4058
6491
6503
4052
6480
4630
4382
3047
5538
6825
3399
4118
4419
3138
6486
6386
5381
4016
6356
2861
7390
4594
6362
3833
3113
6130
4389
4816
5004
6368
4636
5751
6528
4998
6374
5643
6773
3434
2912
2975
2999
5609
5143
5268
5455
3017
7431
3029
5911
7421
5023
2924
7411
2935
2957
5494
6627
7286
2906
3906
3035
2859
2883
2894
2877
6851
5768
4758
4473
7265
6657
2948
6966
6245
6809
4644
6257
4691
2981
6439
2865
2871
2993
5511
3005
7183
3023
3855
2900
2987
2963
3011
2969
6181
3323
3530
3629
3553
5263
6423
6143
3334
6565
6458
6452
5550
7069
3798
3970
4931
5787
4918
4513
5707
6697
3826
5572
2885
7236
7074
3838
3697
6160
4912
6345
6594
5561
6742
3240
5521
7079
3444
5219
5095
5173
5289
5398
5585
5506
4076
6115
4960
3071
3108
4359
6030
6108
3125
3977
4698
7299
5960
7202
4108
7402
7328
6920
5071
6833
6797
6803
5762
6995
4449
4011
5327
4803
4601
5905
3096
3137
4388
6527
5642
6772
3433
5608
5454
6656
6808
3322
3529
6114
3107
5959
3095
5958
6098
6748
3690
5846
3276
5813
5942
4491
4794
3761
6099
3407
3208
3474
3252
3577
3264
5778
3236
5954
5822
6275
6464
5683
6778
3563
4572
3077
6749
3089
4064
5886
3691
4170
4041
5028
4188
3928
5899
6093
4471
5093
6795
3262
4578
394
298
314
5256
5847
4275
5616
5871
6471
4552
3566
5150
5656
5168
3277
5877
3289
3179
5889
5925
5814
3469
3220
5943
5937
3595
5967
5973
5337
4492
6038
6067
7443
5430
4795
2811
3515
5346
3762
2944
5285
5409
3436
3458
5238
5306
4520
5758
4869
6100
3846
5332
3704
6183
3408
5420
6188
3739
5383
4839
5651
5043
3537
3209
3475
3253
3578
3265
3778
4921
6156
5779
4403
6500
6353
6127
5558
3237
3134
3104
5955
3074
5574
3636
3503
5823
3375
5592
5662
3341
3157
5444
3446
5479
5377
6282
6276
6465
3756
4178
6820
4123
6497
3356
3934
4810
4889
6206
6381
4183
4906
5577
6766
3338
5684
5625
6779
7096
3564
3177
5720
5534
5018
5461
4720
4745
4981
4573
4088
5063
4862
3078
5118
3119
7396
7101
7258
3639
4894
3101
3189
3246
6255
6563
7223
3506
4343
4580
3989
7013
4938
2855
2896
6738
6110
4228
7305
4018
6750
4413
3090
6286
3945
4394
6521
5544
7354
3893
4900
3131
6261
6551
5794
4065
6088
4437
5069
6273
4550
5887
6280
5016
5864
6002
3346
6121
3783
6358
5783
3429
3127
6084
6541
6583
3692
4171
4821
4232
5630
7342
3154
5124
5567
6557
7111
7349
3224
3229
5010
6533
4714
5087
7309
3315
4679
6545
3084
6445
7217
3171
5766
5217
6993
3234
5375
6539
2914
2879
6755
3713
3951
4625
6576
3054
4147
4034
5826
5677
6901
3753
5364
6605
6710
4619
3776
5697
5597
5703
5413
3922
4443
6196
5947
6298
4022
3957
5713
7121
4708
3378
5595
7084
3165
3061
6845
7086
7225
4366
6732
4042
4378
2977
6177
4977
7338
6651
4613
5029
4189
5250
7126
7384
4672
6432
5665
7022
3604
3389
3821
4588
5314
5417
7033
3674
6569
6599
3929
4685
6587
4696
6462
6469
5935
5459
7011
3344
6166
5900
4884
3508
4873
3789
3282
4509
3440
6026
6094
3258
6517
3167
3963
5466
5245
7131
6761
6309
3422
3160
6611
5320
5447
6946
3449
3940
4431
4424
6303
2941
6292
5482
6981
3298
6999
3200
6456
5504
7297
3405
6581
4196
3001
7378
3804
4418
5380
7389
3832
5022
5493
7285
3905
4472
4643
4690
6438
5510
7182
3854
6451
3969
7235
3696
6593
5094
5397
6832
6796
5326
5453
6655
3528
3760
3263
5615
5149
5655
5408
4579
2854
4412
6285
4436
6279
4678
6444
5374
6754
3712
6575
3053
5363
6709
3775
5702
4442
6297
6650
4684
6468
3788
5465
6760
3421
4430
6291
6450
5396
6831
3759
58
122
7626
266
8570
8154
666
9306
698
554
7514
8290
2754
8960
9242
7882
8826
7690
1721
2105
2265
1913
1673
2137
1401
2153
1385
1433
8650
9066
8906
1050
2707
728
2760
2706
2759
2705
2758
2704
2757
2756
9352
7994
7738
1098
152
2552
1192
9392
9211
9459
9115
9003
9331
9696
9608
9896
9323
9992
9592
970
962
8390
9832
2640
560
8356
9353
8288
7520
1354
730
606
8985
522
2088
2728
896
9930
9922
208
9722
9954
9762
9978
2128
1392
8066
7482
658
930
8986
2474
1642
1930
1626
2506
2074
9354
7586
674
906
7578
7570
7634
850
650
858
954
610
618
626
1049
7688
312
426
402
282
354
386
1280
1304
1424
1832
2192
648
8176
1482
1962
1770
2314
985
2202
1352
1625
2505
2073
1722
2106
2266
1410
1914
1674
2138
1402
2154
9386
1386
1434
7956
7928
7920
1070
602
604
9720
9680
9792
9472
9672
578
600
9593
8006
8450
8310
8388
8354
8412
8292
8128
7952
2683
8458
2682
2681
2680
2679
2678
2677
2676
2675
2674
2673
2672
2671
2670
2669
2668
2667
2666
2665
2664
88
1592
1440
1952
2208
512
9056
9088
2536
1656
2376
1944
1704
1344
9232
9817
961
8420
8376
8372
8324
8440
8462
8446
7993
7737
334
8334
8316
8456
328
636
588
8300
2616
8322
8340
8404
8366
8350
8344
2752
8430
8414
8432
120
8004
8308
326
8398
1608
330
8396
8416
584
8304
8358
8384
8434
2520
1688
539
371
7499
915
8891
7459
499
8889
8466
56
640
8422
632
638
8378
8402
8342
8418
8374
8332
8454
586
8306
8400
8406
590
8360
1712
1968
392
9664
240
9144
8904
8368
8114
2114
154
130
26
1034
18
10
2
1090
8194
8242
9682
9338
1714
2098
2146
1426
1898
490
818
1610
434
2642
826
570
7474
7810
9866
7602
9010
90
9266
9394
1162
1546
1834
2730
8202
2626
2650
410
186
794
9314
7866
346
770
466
514
9794
9474
2554
1194
1882
2426
1594
8258
8178
1130
7642
898
1474
1954
1762
2306
2194
682
9362
2442
546
7506
2090
178
42
1442
1970
1490
1778
9186
2322
2162
1730
2210
8106
2546
890
2122
9674
9666
8122
50
378
8326
8352
8444
8314
8442
7992
7736
424
384
7658
778
474
8386
8410
8338
8364
8394
8382
8464
8392
8346
8294
8426
9769
8474
8460
8348
8408
8296
8470
8298
8428
8436
8472
8448
8320
8302
8380
7521
8153
2496
1104
9945
8729
1725
973
7589
1285
1125
1485
8909
61
1309
125
7997
9757
7621
661
9245
9165
429
565
8989
9837
1397
1381
7901
405
677
541
373
9949
9973
909
7597
2109
2621
7581
7573
7629
397
277
7637
7501
9941
853
653
762
269
9645
7741
917
1453
7525
8653
8573
1981
1501
1789
2269
933
8069
8157
9069
221
1357
2477
9597
9885
301
1413
2525
1645
2365
1933
1693
733
721
285
7885
8829
869
861
965
1333
357
957
9773
9373
1629
1917
2509
1677
8893
317
2349
9197
525
9821
2077
9845
1053
7693
669
613
621
2141
7461
501
1405
2157
9781
9309
9357
9861
701
2701
9389
9693
9989
557
7517
1389
1301
2189
1349
9789
9469
1437
1341
117
581
629
1965
389
9661
1101
1264
521
